0.000000 0
0.000000 5
-0.470976 7
0.000000 5
-0.488000 5
0.000000 5
-0.483904 7
0.000000 5
-0.200000 7
0.000000 5
-0.488000 5
0.000000 5
-0.514000 1
0.000000 5
-0.488000 5
0.000000 5
-0.460000 1
0.000000 5
-0.514000 1
0.000000 5
-0.488000 5
0.000000 5
-0.460000 1
0.000000 5
-0.460000 3
0.000000 5
-0.460000 1
0.000000 5
-0.460000 1
0.000000 5
-0.460000 3
0.000000 5
-0.421312 7
0.000000 4
-0.360000 5
0.000000 4
-0.423997 1
0.000000 4
-0.360000 5
0.000000 4
-0.424000 1
0.000000 4
-0.424000 5
0.000000 4
-0.360000 5
0.000000 4
-0.424000 1
0.000000 4
-0.360000 5
0.000000 4
-0.400000 8
0.000000 4
-0.400000 8
0.000000 4
-0.360000 5
0.000000 4
-0.400000 8
0.000000 4
-0.400000 8
0.000000 4
-0.400000 8
0.000000 4
-0.400000 8
0.000000 4
-0.400000 8
0.000000 4
-0.280000 1
0.000000 4
-0.200000 7
0.000000 4
-0.279998 1
0.000000 4
-0.200000 7
0.000000 4
-0.352000 1
0.000000 4
-0.280000 1
0.000000 4
-0.200000 7
0.000000 4
-0.280000 1
0.000000 4
-0.416800 1
0.000000 4
-0.352000 1
0.000000 4
-0.280000 1
0.000000 4
-0.352000 1
0.000000 4
-0.000000 9
0.000000 4
-0.000000 9
0.000000 4
-0.000000 9
0.000000 4
-0.416800 1
0.000000 4
-0.104000 7
0.000000 4
-0.160000 7
0.000000 4
-0.283200 7
0.000000 4
-0.280000 5
0.000000 4
-0.300000 9
0.000000 4
-0.283200 7
0.000000 4
-0.354880 1
0.000000 4
-0.283200 7
0.000000 4
-0.200000 5
0.000000 4
-0.300000 9
0.000000 4
-0.283200 7
0.000000 4
-0.354880 1
0.000000 4
0.050000 9
0.000000 4
0.400000 9
0.000000 4
0.400000 9
0.000000 4
-0.283200 7
0.000000 4
-0.420925 1
0.000000 4
-0.354880 4
0.000000 4
-0.200000 4
0.000000 4
-0.280000 1
0.000000 4
-0.356583 4
0.000000 4
-0.420925 1
0.000000 4
-0.400000 8
0.000000 4
-0.200000 7
0.000000 4
-0.420925 1
0.000000 4
-0.393280 4
0.000000 4
-0.400000 8
0.000000 4
-0.400000 8
0.000000 4
-0.360000 4
0.000000 4
-0.400000 8
0.000000 4
-0.153280 4
0.000000 4
0.120000 4
0.000000 4
-0.388000 5
0.000000 4
-0.360000 5
0.000000 4
-0.400000 8
0.000000 4
-0.200000 4
0.000000 4
-0.360000 5
0.000000 4
-0.400000 8
0.000000 4
-0.360000 5
0.000000 4
-0.400000 8
0.000000 4
-0.400000 8
0.000000 4
-0.360000 5
0.000000 4
-0.400000 8
0.000000 4
-0.360000 5
0.000000 4
-0.400000 8
0.000000 4
-0.400000 8
0.000000 4
-0.360000 5
0.000000 4
-0.312000 5
0.000000 4
-0.104000 5
0.000000 4
-0.190000 1
0.000000 4
-0.000000 9
0.000000 4
-0.190000 1
0.000000 4
-0.280000 1
0.000000 4
-0.200000 7
0.000000 4
-0.235000 1
0.000000 4
-0.200000 7
0.000000 4
-0.283200 5
0.000000 4
-0.280000 1
0.000000 4
-0.200000 7
0.000000 4
-0.280000 1
0.000000 4
-0.227440 1
0.000000 4
-0.000000 9
0.000000 4
-0.000000 9
0.000000 4
-0.283200 5
0.000000 4
0.008000 1
0.000000 4
0.120000 7
0.000000 4
0.050000 9
0.000000 4
-0.104000 7
0.000000 4
-0.104000 7
0.000000 4
-0.193600 1
0.000000 4
-0.104000 7
0.000000 4
-0.193599 1
0.000000 4
-0.193600 1
0.000000 4
-0.104000 7
0.000000 4
-0.193600 1
0.000000 4
-0.104000 7
0.000000 4
0.120000 6
0.000000 4
0.050000 9
0.000000 4
0.400000 9
0.000000 4
-0.193600 1
0.000000 4
-0.283200 4
0.000000 4
-0.354880 1
0.000000 4
-0.193600 4
0.000000 4
-0.160000 4
0.000000 4
-0.301118 1
0.000000 4
-0.283200 4
0.000000 4
-0.200000 4
0.000000 4
-0.280000 1
0.000000 4
-0.223464 4
0.000000 4
-0.301118 1
0.000000 4
-0.283200 4
0.000000 4
-0.200000 7
0.000000 4
-0.301118 1
0.000000 4
-0.193600 4
0.000000 4
-0.160000 4
0.000000 4
0.120000 4
0.000000 4
-0.283200 5
0.000000 4
-0.317440 5
0.000000 4
-0.200000 5
0.000000 4
-0.258720 5
0.000000 4
-0.336160 5
0.000000 4
-0.283200 5
0.000000 4
-0.354880 1
0.000000 4
-0.200000 4
0.000000 4
-0.283200 5
0.000000 4
-0.354880 1
0.000000 4
-0.283200 5
0.000000 4
-0.354880 1
0.000000 4
-0.336160 5
0.000000 4
-0.283200 5
0.000000 4
-0.354880 1
0.000000 4
-0.200000 5
0.000000 4
-0.143200 5
0.000000 4
-0.000000 9
0.000000 4
-0.000000 9
0.000000 4
-0.104000 5
0.000000 4
-0.104000 5
0.000000 4
-0.146800 1
0.000000 4
-0.000000 9
0.000000 4
-0.146800 1
0.000000 4
-0.193600 1
0.000000 4
-0.104000 5
0.000000 4
-0.146800 1
0.000000 4
-0.104000 5
0.000000 4
-0.104000 5
0.000000 4
-0.146800 1
0.000000 4
-0.000000 9
0.000000 4
-0.146800 1
0.000000 4
0.120000 7
0.000000 4
0.134000 1
0.000000 4
0.400000 9
0.000000 4
0.008000 1
0.000000 4
0.008000 1
0.000000 4
0.120000 7
0.000000 4
0.008000 1
0.000000 4
0.120000 7
0.000000 4
-0.092800 1
0.000000 4
0.008000 1
0.000000 4
0.120000 7
0.000000 4
0.007999 1
0.000000 4
0.008000 1
0.000000 4
0.120000 6
0.000000 4
0.050000 9
0.000000 4
0.120000 7
0.000000 4
-0.193600 4
0.000000 4
-0.104000 4
0.000000 4
-0.193600 1
0.000000 4
0.008000 4
0.000000 4
-0.274240 1
0.000000 4
-0.193600 4
0.000000 4
-0.104000 4
0.000000 4
-0.193600 1
0.000000 4
-0.193600 4
0.000000 4
-0.189120 4
0.000000 4
-0.200000 4
0.000000 4
-0.104000 4
0.000000 4
-0.189120 4
0.000000 4
-0.193600 4
0.000000 4
-0.104000 4
0.000000 4
-0.193600 1
0.000000 4
-0.365553 5
0.000000 4
-0.200000 5
0.000000 4
-0.200000 5
0.000000 4
-0.104000 5
0.000000 4
-0.354880 4
0.000000 4
-0.351296 4
0.000000 4
-0.200000 5
0.000000 4
-0.276000 5
0.000000 4
-0.388000 5
0.000000 4
-0.354880 4
0.000000 4
-0.317248 4
0.000000 4
-0.200000 4
0.000000 4
-0.354880 4
0.000000 4
-0.419389 1
0.000000 4
-0.354880 4
0.000000 4
-0.283200 4
0.000000 4
-0.000000 9
0.000000 4
-0.000000 9
0.000000 4
0.120000 5
0.000000 4
0.008000 1
0.000000 4
-0.206941 1
0.000000 4
-0.000000 9
0.000000 4
-0.000000 9
0.000000 4
0.120000 5
0.000000 4
-0.237647 5
0.000000 4
-0.190000 1
0.000000 4
-0.000000 9
0.000000 4
-0.190000 1
0.000000 4
-0.280000 1
0.000000 4
-0.200000 6
0.000000 4
-0.219999 1
0.000000 4
-0.200000 6
0.000000 4
0.058824 1
0.000000 4
0.400000 9
0.000000 4
0.400000 9
0.000000 4
0.134000 1
0.000000 4
-0.047059 1
0.000000 4
0.058824 1
0.000000 4
0.400000 9
0.000000 4
0.260000 1
0.000000 4
-0.142353 1
0.000000 4
-0.047059 1
0.000000 4
0.058824 1
0.000000 4
0.400000 9
0.000000 4
-0.104000 6
0.000000 4
-0.142353 1
0.000000 4
-0.047059 1
0.000000 4
0.058824 1
0.000000 5
-0.470976 7
0.000000 5
-0.460000 3
0.000000 5
-0.483904 7
0.000000 5
-0.200000 7
0.000000 5
-0.460000 3
0.000000 5
-0.539200 0
0.000000 5
-0.400000 8
0.000000 5
-0.400000 8
0.000000 5
-0.400000 8
0.000000 5
-0.400000 8
0.000000 5
-0.400000 8
0.000000 5
-0.400000 8
0.000000 5
-0.400000 8
0.000000 5
-0.400000 8
0.000000 5
-0.400000 8
0.000000 5
-0.400000 8
0.000000 4
-0.360000 5
0.000000 4
-0.423997 0
0.000000 4
-0.360000 5
0.000000 4
-0.424000 0
0.000000 4
-0.424000 5
0.000000 4
-0.360000 5
0.000000 4
-0.424000 0
0.000000 4
-0.360000 5
0.000000 4
-0.481600 5
0.000000 4
-0.424000 5
0.000000 4
-0.360000 5
0.000000 4
-0.424000 5
0.000000 4
-0.400000 9
0.000000 4
-0.400000 9
0.000000 4
-0.400000 9
0.000000 4
-0.460000 3
0.000000 4
-0.280000 0
0.000000 4
-0.200000 7
0.000000 4
-0.279998 0
0.000000 4
-0.200000 7
0.000000 4
-0.352000 0
0.000000 4
-0.280000 0
0.000000 4
-0.200000 7
0.000000 4
-0.280000 0
0.000000 4
-0.400000 8
0.000000 4
-0.352000 0
0.000000 4
-0.280000 0
0.000000 4
-0.352000 0
0.000000 4
-0.000000 9
0.000000 4
-0.000000 9
0.000000 4
-0.000000 9
0.000000 4
-0.400000 8
0.000000 4
-0.104000 7
0.000000 4
-0.160000 7
0.000000 4
-0.283200 7
0.000000 4
-0.280000 5
0.000000 4
-0.300000 9
0.000000 4
-0.283200 7
0.000000 4
-0.354880 0
0.000000 4
-0.283200 7
0.000000 4
-0.200000 5
0.000000 4
-0.300000 9
0.000000 4
-0.283200 7
0.000000 4
-0.354880 0
0.000000 4
0.050000 9
0.000000 4
0.400000 9
0.000000 4
0.400000 9
0.000000 4
-0.283200 7
0.000000 4
-0.420925 0
0.000000 4
-0.354880 4
0.000000 4
-0.200000 4
0.000000 4
-0.280000 0
0.000000 4
-0.356583 4
0.000000 4
-0.420925 0
0.000000 4
-0.400000 8
0.000000 4
-0.200000 7
0.000000 4
-0.420925 0
0.000000 4
-0.393280 4
0.000000 4
-0.400000 8
0.000000 4
-0.400000 8
0.000000 4
-0.360000 4
0.000000 4
-0.400000 8
0.000000 4
-0.153280 4
0.000000 4
0.120000 4
0.000000 4
-0.388000 5
0.000000 4
-0.360000 5
0.000000 4
-0.424000 0
0.000000 4
-0.200000 4
0.000000 4
-0.360000 5
0.000000 4
-0.422000 5
0.000000 4
-0.360000 5
0.000000 4
-0.400000 8
0.000000 4
-0.424000 5
0.000000 4
-0.360000 5
0.000000 4
-0.424000 0
0.000000 4
-0.360000 5
0.000000 4
-0.400000 8
0.000000 4
-0.400000 9
0.000000 4
-0.360000 5
0.000000 4
-0.312000 5
0.000000 4
-0.104000 5
0.000000 4
-0.190000 0
0.000000 4
-0.000000 9
0.000000 4
-0.190000 0
0.000000 4
-0.280000 0
0.000000 4
-0.200000 7
0.000000 4
-0.235000 0
0.000000 4
-0.200000 7
0.000000 4
-0.283200 5
0.000000 4
-0.280000 0
0.000000 4
-0.200000 7
0.000000 4
-0.280000 0
0.000000 4
-0.227440 0
0.000000 4
-0.000000 9
0.000000 4
-0.000000 9
0.000000 4
-0.283200 5
0.000000 4
0.008000 0
0.000000 4
0.120000 7
0.000000 4
0.050000 9
0.000000 4
-0.104000 7
0.000000 4
-0.104000 7
0.000000 4
-0.193600 0
0.000000 4
-0.104000 7
0.000000 4
-0.193599 0
0.000000 4
-0.193600 0
0.000000 4
-0.104000 7
0.000000 4
-0.193600 0
0.000000 4
-0.104000 7
0.000000 4
0.120000 6
0.000000 4
0.050000 9
0.000000 4
0.400000 9
0.000000 4
-0.193600 0
0.000000 4
-0.283200 4
0.000000 4
-0.354880 0
0.000000 4
-0.193600 4
0.000000 4
-0.160000 4
0.000000 4
-0.301118 0
0.000000 4
-0.283200 4
0.000000 4
-0.200000 4
0.000000 4
-0.280000 0
0.000000 4
-0.223464 4
0.000000 4
-0.301118 0
0.000000 4
-0.283200 4
0.000000 4
-0.200000 7
0.000000 4
-0.301118 0
0.000000 4
-0.193600 4
0.000000 4
-0.160000 4
0.000000 4
0.120000 4
0.000000 4
-0.283200 5
0.000000 4
-0.317440 5
0.000000 4
-0.200000 5
0.000000 4
-0.258720 5
0.000000 4
-0.336160 5
0.000000 4
-0.283200 5
0.000000 4
-0.354880 0
0.000000 4
-0.200000 4
0.000000 4
-0.283200 5
0.000000 4
-0.354880 0
0.000000 4
-0.283200 5
0.000000 4
-0.354880 0
0.000000 4
-0.336160 5
0.000000 4
-0.283200 5
0.000000 4
-0.354880 0
0.000000 4
-0.200000 5
0.000000 4
-0.143200 5
0.000000 4
-0.000000 9
0.000000 4
-0.000000 9
0.000000 4
-0.104000 5
0.000000 4
-0.104000 5
0.000000 4
-0.146800 0
0.000000 4
-0.000000 9
0.000000 4
-0.146800 0
0.000000 4
-0.193600 0
0.000000 4
-0.104000 5
0.000000 4
-0.146800 0
0.000000 4
-0.104000 5
0.000000 4
-0.104000 5
0.000000 4
-0.146800 0
0.000000 4
-0.000000 9
0.000000 4
-0.146800 0
0.000000 4
0.120000 7
0.000000 4
0.134000 0
0.000000 4
0.400000 9
0.000000 4
0.008000 0
0.000000 4
0.008000 0
0.000000 4
0.120000 7
0.000000 4
0.008000 0
0.000000 4
0.120000 7
0.000000 4
-0.092800 0
0.000000 4
0.008000 0
0.000000 4
0.120000 7
0.000000 4
0.007999 0
0.000000 4
0.008000 0
0.000000 4
0.120000 6
0.000000 4
0.050000 9
0.000000 4
0.120000 7
0.000000 4
-0.193600 4
0.000000 4
-0.104000 4
0.000000 4
-0.193600 0
0.000000 4
0.008000 4
0.000000 4
-0.274240 0
0.000000 4
-0.193600 4
0.000000 4
-0.104000 4
0.000000 4
-0.193600 0
0.000000 4
-0.193600 4
0.000000 4
-0.189120 4
0.000000 4
-0.200000 4
0.000000 4
-0.104000 4
0.000000 4
-0.189120 4
0.000000 4
-0.193600 4
0.000000 4
-0.104000 4
0.000000 4
-0.193600 0
0.000000 4
-0.365553 5
0.000000 4
-0.200000 5
0.000000 4
-0.200000 5
0.000000 4
-0.104000 5
0.000000 4
-0.354880 4
0.000000 4
-0.351296 4
0.000000 4
-0.200000 5
0.000000 4
-0.276000 5
0.000000 4
-0.388000 5
0.000000 4
-0.354880 4
0.000000 4
-0.317248 4
0.000000 4
-0.200000 4
0.000000 4
-0.354880 4
0.000000 4
-0.419389 0
0.000000 4
-0.354880 4
0.000000 4
-0.283200 4
0.000000 4
-0.000000 9
0.000000 4
-0.000000 9
0.000000 4
0.120000 5
0.000000 4
0.008000 0
0.000000 4
-0.206941 0
0.000000 4
-0.000000 9
0.000000 4
-0.000000 9
0.000000 4
0.120000 5
0.000000 4
-0.237647 5
0.000000 4
-0.190000 0
0.000000 4
-0.000000 9
0.000000 4
-0.190000 0
0.000000 4
-0.280000 0
0.000000 4
-0.200000 6
0.000000 4
-0.219999 0
0.000000 4
-0.200000 6
0.000000 4
0.058824 0
0.000000 4
0.400000 9
0.000000 4
0.400000 9
0.000000 4
0.134000 0
0.000000 4
-0.047059 0
0.000000 4
0.058824 0
0.000000 4
0.400000 9
0.000000 4
0.260000 0
0.000000 4
-0.142353 0
0.000000 4
-0.047059 0
0.000000 4
0.058824 0
0.000000 4
0.400000 9
0.000000 4
-0.104000 6
0.000000 4
-0.142353 0
0.000000 4
-0.047059 0
0.000000 4
0.058824 0
0.000000 5
-0.470976 7
0.000000 5
-0.488000 5
0.000000 5
-0.483904 7
0.000000 5
-0.200000 7
0.000000 5
-0.488000 5
0.000000 5
-0.514000 0
0.000000 5
-0.488000 5
0.000000 5
-0.460000 0
0.000000 5
-0.500000 8
0.000000 5
-0.488000 5
0.000000 5
-0.460000 0
0.000000 5
-0.460000 0
0.000000 5
-0.460000 0
0.000000 5
-0.460000 0
0.000000 5
-0.460000 0
0.000000 5
-0.431936 7
0.000000 4
-0.360000 5
0.000000 4
-0.423997 0
0.000000 4
-0.360000 5
0.000000 4
-0.424000 0
0.000000 4
-0.424000 5
0.000000 4
-0.360000 5
0.000000 4
-0.424000 0
0.000000 4
-0.360000 5
0.000000 4
-0.400000 8
0.000000 4
-0.400000 8
0.000000 4
-0.360000 5
0.000000 4
-0.400000 8
0.000000 4
-0.400000 8
0.000000 4
-0.400000 8
0.000000 4
-0.400000 8
0.000000 4
-0.400000 8
0.000000 4
-0.280000 0
0.000000 4
-0.200000 7
0.000000 4
-0.279998 0
0.000000 4
-0.200000 7
0.000000 4
-0.352000 0
0.000000 4
-0.280000 0
0.000000 4
-0.200000 7
0.000000 4
-0.280000 0
0.000000 4
-0.416800 0
0.000000 4
-0.352000 0
0.000000 4
-0.280000 0
0.000000 4
-0.352000 0
0.000000 4
-0.000000 9
0.000000 4
-0.000000 9
0.000000 4
-0.000000 9
0.000000 4
-0.416800 0
0.000000 4
-0.104000 7
0.000000 4
-0.160000 7
0.000000 4
-0.283200 7
0.000000 4
-0.280000 5
0.000000 4
-0.300000 9
0.000000 4
-0.283200 7
0.000000 4
-0.354880 0
0.000000 4
-0.283200 7
0.000000 4
-0.200000 5
0.000000 4
-0.300000 9
0.000000 4
-0.283200 7
0.000000 4
-0.354880 0
0.000000 4
0.050000 9
0.000000 4
0.400000 9
0.000000 4
0.400000 9
0.000000 4
-0.283200 7
0.000000 4
-0.420925 0
0.000000 4
-0.354880 4
0.000000 4
-0.200000 4
0.000000 4
-0.280000 0
0.000000 4
-0.356583 4
0.000000 4
-0.420925 0
0.000000 4
-0.426560 4
0.000000 4
-0.200000 7
0.000000 4
-0.420925 0
0.000000 4
-0.393280 4
0.000000 4
-0.440000 4
0.000000 4
-0.426560 4
0.000000 4
-0.360000 4
0.000000 4
-0.440000 4
0.000000 4
-0.153280 4
0.000000 4
0.120000 4
0.000000 4
-0.388000 5
0.000000 4
-0.360000 5
0.000000 4
-0.400000 8
0.000000 4
-0.200000 4
0.000000 4
-0.360000 5
0.000000 4
-0.400000 8
0.000000 4
-0.360000 5
0.000000 4
-0.400000 8
0.000000 4
-0.400000 8
0.000000 4
-0.360000 5
0.000000 4
-0.400000 8
0.000000 4
-0.360000 5
0.000000 4
-0.400000 9
0.000000 4
-0.400000 8
0.000000 4
-0.360000 5
0.000000 4
-0.312000 5
0.000000 4
-0.104000 5
0.000000 4
-0.190000 0
0.000000 4
-0.000000 9
0.000000 4
-0.190000 0
0.000000 4
-0.280000 0
0.000000 4
-0.200000 7
0.000000 4
-0.235000 0
0.000000 4
-0.200000 7
0.000000 4
-0.283200 5
0.000000 4
-0.280000 0
0.000000 4
-0.200000 7
0.000000 4
-0.280000 0
0.000000 4
-0.227440 0
0.000000 4
-0.000000 9
0.000000 4
-0.000000 9
0.000000 4
-0.283200 5
0.000000 4
0.008000 0
0.000000 4
0.120000 7
0.000000 4
0.050000 9
0.000000 4
-0.104000 7
0.000000 4
-0.104000 7
0.000000 4
-0.193600 0
0.000000 4
-0.104000 7
0.000000 4
-0.193599 0
0.000000 4
-0.193600 0
0.000000 4
-0.104000 7
0.000000 4
-0.193600 0
0.000000 4
-0.104000 7
0.000000 4
0.120000 6
0.000000 4
0.050000 9
0.000000 4
0.400000 9
0.000000 4
-0.193600 0
0.000000 4
-0.283200 4
0.000000 4
-0.354880 0
0.000000 4
-0.193600 4
0.000000 4
-0.160000 4
0.000000 4
-0.301118 0
0.000000 4
-0.283200 4
0.000000 4
-0.200000 4
0.000000 4
-0.280000 0
0.000000 4
-0.223464 4
0.000000 4
-0.301118 0
0.000000 4
-0.283200 4
0.000000 4
-0.200000 7
0.000000 4
-0.301118 0
0.000000 4
-0.193600 4
0.000000 4
-0.160000 4
0.000000 4
0.120000 4
0.000000 4
-0.283200 5
0.000000 4
-0.317440 5
0.000000 4
-0.200000 5
0.000000 4
-0.258720 5
0.000000 4
-0.336160 5
0.000000 4
-0.283200 5
0.000000 4
-0.354880 0
0.000000 4
-0.200000 4
0.000000 4
-0.283200 5
0.000000 4
-0.354880 0
0.000000 4
-0.283200 5
0.000000 4
-0.354880 0
0.000000 4
-0.336160 5
0.000000 4
-0.283200 5
0.000000 4
-0.354880 0
0.000000 4
-0.200000 5
0.000000 4
-0.143200 5
0.000000 4
-0.000000 9
0.000000 4
-0.000000 9
0.000000 4
-0.104000 5
0.000000 4
-0.104000 5
0.000000 4
-0.146800 0
0.000000 4
-0.000000 9
0.000000 4
-0.146800 0
0.000000 4
-0.193600 0
0.000000 4
-0.104000 5
0.000000 4
-0.146800 0
0.000000 4
-0.104000 5
0.000000 4
-0.104000 5
0.000000 4
-0.146800 0
0.000000 4
-0.000000 9
0.000000 4
-0.146800 0
0.000000 4
0.120000 7
0.000000 4
0.134000 0
0.000000 4
0.400000 9
0.000000 4
0.008000 0
0.000000 4
0.008000 0
0.000000 4
0.120000 7
0.000000 4
0.008000 0
0.000000 4
0.120000 7
0.000000 4
-0.092800 0
0.000000 4
0.008000 0
0.000000 4
0.120000 7
0.000000 4
0.007999 0
0.000000 4
0.008000 0
0.000000 4
0.120000 6
0.000000 4
0.050000 9
0.000000 4
0.120000 7
0.000000 4
-0.193600 4
0.000000 4
-0.104000 4
0.000000 4
-0.193600 0
0.000000 4
0.008000 4
0.000000 4
-0.274240 0
0.000000 4
-0.193600 4
0.000000 4
-0.104000 4
0.000000 4
-0.193600 0
0.000000 4
-0.193600 4
0.000000 4
-0.189120 4
0.000000 4
-0.200000 4
0.000000 4
-0.104000 4
0.000000 4
-0.189120 4
0.000000 4
-0.193600 4
0.000000 4
-0.104000 4
0.000000 4
-0.193600 0
0.000000 4
-0.365553 5
0.000000 4
-0.200000 5
0.000000 4
-0.200000 5
0.000000 4
-0.104000 5
0.000000 4
-0.354880 4
0.000000 4
-0.351296 4
0.000000 4
-0.200000 5
0.000000 4
-0.276000 5
0.000000 4
-0.388000 5
0.000000 4
-0.354880 4
0.000000 4
-0.317248 4
0.000000 4
-0.200000 4
0.000000 4
-0.354880 4
0.000000 4
-0.419389 0
0.000000 4
-0.354880 4
0.000000 4
-0.283200 4
0.000000 4
-0.000000 9
0.000000 4
-0.000000 9
0.000000 4
0.120000 5
0.000000 4
0.008000 0
0.000000 4
-0.206941 0
0.000000 4
-0.000000 9
0.000000 4
-0.000000 9
0.000000 4
0.120000 5
0.000000 4
-0.237647 5
0.000000 4
-0.190000 0
0.000000 4
-0.000000 9
0.000000 4
-0.190000 0
0.000000 4
-0.280000 0
0.000000 4
-0.200000 6
0.000000 4
-0.219999 0
0.000000 4
-0.200000 6
0.000000 4
0.058824 0
0.000000 4
0.400000 9
0.000000 4
0.400000 9
0.000000 4
0.134000 0
0.000000 4
-0.047059 0
0.000000 4
0.058824 0
0.000000 4
0.400000 9
0.000000 4
0.260000 0
0.000000 4
-0.142353 0
0.000000 4
-0.047059 0
0.000000 4
0.058824 0
0.000000 4
0.400000 9
0.000000 4
-0.104000 6
0.000000 4
-0.142353 0
0.000000 4
-0.047059 0
0.000000 4
0.058824 0
0.000000 5
-0.470976 7
0.000000 5
-0.488000 5
0.000000 5
-0.483904 7
0.000000 5
-0.200000 7
0.000000 5
-0.488000 5
0.000000 5
-0.514000 1
0.000000 5
-0.488000 5
0.000000 5
-0.460000 1
0.000000 5
-0.514000 1
0.000000 5
-0.488000 5
0.000000 5
-0.460000 1
0.000000 5
-0.460000 1
0.180000 5
-0.536740 7
0.400000 9
-0.460000 1
0.400000 9
-0.460000 1
0.000000 5
-0.431936 7
0.000000 4
-0.360000 5
0.000000 4
-0.423997 0
0.000000 4
-0.360000 5
0.000000 4
-0.424000 0
0.000000 4
-0.424000 5
0.000000 4
-0.360000 5
0.000000 4
-0.424000 0
0.000000 4
-0.360000 5
0.000000 4
-0.460000 1
0.000000 4
-0.424000 5
0.000000 4
-0.360000 5
0.000000 4
-0.424000 5
0.180000 4
-0.400000 9
0.400000 9
-0.400000 9
0.400000 9
-0.400000 9
0.000000 4
-0.460000 1
0.000000 4
-0.280000 0
0.000000 4
-0.200000 7
0.000000 4
-0.279998 0
0.000000 4
-0.200000 7
0.000000 4
-0.352000 0
0.000000 4
-0.280000 0
0.000000 4
-0.200000 7
0.000000 4
-0.280000 0
0.000000 4
-0.400000 8
0.000000 4
-0.352000 0
0.000000 4
-0.280000 0
0.000000 4
-0.352000 0
0.180000 4
-0.000000 9
0.400000 9
-0.000000 9
0.400000 9
-0.000000 9
0.000000 4
-0.400000 8
0.000000 4
-0.104000 7
0.000000 4
-0.160000 7
0.000000 4
-0.283200 7
0.000000 4
-0.280000 5
0.000000 4
-0.300000 9
0.000000 4
-0.283200 7
0.000000 4
-0.354880 0
0.000000 4
-0.283200 7
0.000000 4
-0.200000 5
0.000000 4
-0.300000 9
0.000000 4
-0.283200 7
0.000000 4
-0.354880 0
0.180000 4
0.050000 9
0.400000 9
0.400000 9
0.400000 9
0.400000 9
0.000000 4
-0.283200 7
0.000000 4
-0.420925 0
0.000000 4
-0.354880 4
0.000000 4
-0.200000 4
0.000000 4
-0.280000 0
0.000000 4
-0.356583 4
0.000000 4
-0.420925 0
0.000000 4
-0.426560 4
0.000000 4
-0.200000 7
0.000000 4
-0.420925 0
0.000000 4
-0.393280 4
0.000000 4
-0.440000 4
0.000000 4
-0.426560 4
0.180000 4
-0.360000 4
0.400000 9
-0.440000 4
0.400000 9
-0.153280 4
0.000000 4
0.120000 4
0.000000 4
-0.388000 5
0.000000 4
-0.360000 5
0.000000 4
-0.424000 0
0.000000 4
-0.200000 4
0.000000 4
-0.360000 5
0.000000 4
-0.422000 5
0.000000 4
-0.360000 5
0.000000 4
-0.424000 0
0.000000 4
-0.424000 5
0.000000 4
-0.360000 5
0.000000 4
-0.424000 0
0.000000 4
-0.360000 5
0.180000 4
-0.400000 9
0.400000 9
-0.400000 9
0.400000 9
-0.360000 5
0.000000 4
-0.312000 5
0.000000 4
-0.104000 5
0.000000 4
-0.190000 0
0.000000 4
-0.000000 9
0.000000 4
-0.190000 0
0.000000 4
-0.280000 0
0.000000 4
-0.200000 7
0.000000 4
-0.235000 0
0.000000 4
-0.200000 7
0.000000 4
-0.283200 5
0.000000 4
-0.280000 0
0.000000 4
-0.200000 7
0.000000 4
-0.280000 0
0.180000 4
-0.227440 0
0.400000 9
-0.000000 9
0.400000 9
-0.000000 9
0.000000 4
-0.283200 5
0.000000 4
0.008000 0
0.000000 4
0.120000 7
0.000000 4
0.050000 9
0.000000 4
-0.104000 7
0.000000 4
-0.104000 7
0.000000 4
-0.193600 0
0.000000 4
-0.104000 7
0.000000 4
-0.193599 0
0.000000 4
-0.193600 0
0.000000 4
-0.104000 7
0.000000 4
-0.193600 0
0.000000 4
-0.104000 7
0.180000 4
0.120000 6
0.400000 9
0.050000 9
0.400000 9
0.400000 9
0.000000 4
-0.193600 0
0.000000 4
-0.283200 4
0.000000 4
-0.354880 0
0.000000 4
-0.193600 4
0.000000 4
-0.160000 4
0.000000 4
-0.301118 0
0.000000 4
-0.283200 4
0.000000 4
-0.200000 4
0.000000 4
-0.280000 0
0.000000 4
-0.223464 4
0.000000 4
-0.301118 0
0.000000 4
-0.283200 4
0.000000 4
-0.200000 7
0.180000 4
-0.301118 0
0.400000 9
-0.193600 4
0.400000 9
-0.160000 4
0.000000 4
0.120000 4
0.000000 4
-0.283200 5
0.000000 4
-0.317440 5
0.000000 4
-0.200000 5
0.000000 4
-0.258720 5
0.000000 4
-0.336160 5
0.000000 4
-0.283200 5
0.000000 4
-0.354880 0
0.000000 4
-0.200000 4
0.000000 4
-0.283200 5
0.000000 4
-0.354880 0
0.000000 4
-0.283200 5
0.000000 4
-0.354880 0
0.180000 4
-0.336160 5
0.400000 9
-0.283200 5
0.400000 9
-0.354880 0
0.000000 4
-0.200000 5
0.000000 4
-0.143200 5
0.000000 4
-0.000000 9
0.000000 4
-0.000000 9
0.000000 4
-0.104000 5
0.000000 4
-0.104000 5
0.000000 4
-0.146800 0
0.000000 4
-0.000000 9
0.000000 4
-0.146800 0
0.000000 4
-0.193600 0
0.000000 4
-0.104000 5
0.000000 4
-0.146800 0
0.000000 4
-0.104000 5
0.180000 4
-0.104000 5
0.400000 9
-0.146800 0
0.400000 9
-0.000000 9
0.000000 4
-0.146800 0
0.000000 4
0.120000 7
0.000000 4
0.134000 0
0.000000 4
0.400000 9
0.000000 4
0.008000 0
0.000000 4
0.008000 0
0.000000 4
0.120000 7
0.000000 4
0.008000 0
0.000000 4
0.120000 7
0.000000 4
-0.092800 0
0.000000 4
0.008000 0
0.000000 4
0.120000 7
0.000000 4
0.007999 0
0.180000 4
0.008000 0
0.400000 9
0.120000 6
0.400000 9
0.050000 9
0.000000 4
0.120000 7
0.000000 4
-0.193600 4
0.000000 4
-0.104000 4
0.000000 4
-0.193600 0
0.000000 4
0.008000 4
0.000000 4
-0.274240 0
0.000000 4
-0.193600 4
0.000000 4
-0.104000 4
0.000000 4
-0.193600 0
0.000000 4
-0.193600 4
0.000000 4
-0.189120 4
0.000000 4
-0.200000 4
0.000000 4
-0.104000 4
0.180000 4
-0.189120 4
0.400000 9
-0.193600 4
0.400000 9
-0.104000 4
0.000000 4
-0.193600 0
0.000000 4
-0.365553 5
0.000000 4
-0.200000 5
0.000000 4
-0.200000 5
0.000000 4
-0.104000 5
0.000000 4
-0.354880 4
0.000000 4
-0.351296 4
0.000000 4
-0.200000 5
0.000000 4
-0.276000 5
0.000000 4
-0.388000 5
0.000000 4
-0.354880 4
0.000000 4
-0.317248 4
0.000000 4
-0.200000 4
0.180000 4
-0.354880 4
0.400000 9
-0.419389 0
0.400000 9
-0.354880 4
0.000000 4
-0.283200 4
0.000000 4
-0.000000 9
0.000000 4
-0.000000 9
0.000000 4
0.120000 5
0.000000 4
0.008000 0
0.000000 4
-0.206941 0
0.000000 4
-0.000000 9
0.000000 4
-0.000000 9
0.000000 4
0.120000 5
0.000000 4
-0.237647 5
0.000000 4
-0.190000 0
0.000000 4
-0.000000 9
0.000000 4
-0.190000 0
0.180000 4
-0.280000 0
0.400000 9
-0.200000 6
0.400000 9
-0.219999 0
0.000000 4
-0.200000 6
0.000000 4
0.058824 0
0.000000 4
0.400000 9
0.000000 4
0.400000 9
0.000000 4
0.134000 0
0.000000 4
-0.047059 0
0.000000 4
0.058824 0
0.000000 4
0.400000 9
0.000000 4
0.260000 0
0.000000 4
-0.142353 0
0.000000 4
-0.047059 0
0.000000 4
0.058824 0
0.000000 4
0.400000 9
0.180000 4
-0.104000 6
0.400000 9
-0.142353 0
0.400000 9
-0.047059 0
0.000000 4
0.058824 0
0.000000 5
-0.470976 7
0.000000 5
-0.460000 1
0.000000 5
-0.400000 8
0.000000 5
-0.200000 7
0.000000 5
-0.460000 1
0.000000 5
-0.539200 0
0.000000 5
-0.400000 8
0.000000 5
-0.400000 8
0.000000 5
-0.520000 5
0.000000 5
-0.400000 8
0.000000 5
-0.400000 8
0.000000 5
-0.400000 8
0.000000 5
-0.460000 1
0.000000 5
-0.400000 8
0.000000 5
-0.400000 8
0.120000 0
-0.400000 8
0.000000 4
-0.360000 5
0.000000 4
-0.399996 8
0.000000 4
-0.360000 5
0.000000 4
-0.400000 8
0.000000 4
-0.400000 8
0.000000 4
-0.360000 5
0.000000 4
-0.400000 8
0.000000 4
-0.360000 5
0.000000 4
-0.481600 5
0.000000 4
-0.400000 8
0.000000 4
-0.360000 5
0.000000 4
-0.400000 8
0.000000 4
-0.400000 8
0.000000 4
-0.400000 8
0.000000 4
-0.400000 8
0.120000 0
-0.400000 8
0.000000 4
-0.280000 0
0.000000 4
-0.200000 7
0.000000 4
-0.279998 0
0.000000 4
-0.200000 7
0.000000 4
-0.352000 0
0.000000 4
-0.280000 0
0.000000 4
-0.200000 7
0.000000 4
-0.280000 0
0.000000 4
-0.416800 0
0.000000 4
-0.352000 0
0.000000 4
-0.280000 0
0.000000 4
-0.352000 0
0.000000 4
-0.000000 9
0.000000 4
-0.000000 9
0.000000 4
-0.000000 9
0.120000 0
-0.416800 0
0.000000 4
-0.104000 7
0.000000 4
-0.160000 7
0.000000 4
-0.283200 7
0.000000 4
-0.280000 5
0.000000 4
-0.300000 9
0.000000 4
-0.283200 7
0.000000 4
-0.354880 0
0.000000 4
-0.283200 7
0.000000 4
-0.200000 5
0.000000 4
-0.300000 9
0.000000 4
-0.283200 7
0.000000 4
-0.354880 0
0.000000 4
0.050000 9
0.000000 4
0.400000 9
0.000000 4
0.400000 9
0.120000 0
-0.283200 7
0.000000 4
-0.420925 0
0.000000 4
-0.354880 4
0.000000 4
-0.200000 4
0.000000 4
-0.280000 0
0.000000 4
-0.356583 4
0.000000 4
-0.420925 0
0.000000 4
-0.426560 4
0.000000 4
-0.200000 7
0.000000 4
-0.420925 0
0.000000 4
-0.393280 4
0.000000 4
-0.440000 4
0.000000 4
-0.426560 4
0.000000 4
-0.360000 4
0.000000 4
-0.440000 4
0.000000 4
-0.153280 4
0.120000 0
0.120000 4
0.000000 4
-0.388000 5
0.000000 4
-0.360000 5
0.000000 4
-0.424000 0
0.000000 4
-0.200000 4
0.000000 4
-0.360000 5
0.000000 4
-0.422000 5
0.000000 4
-0.360000 5
0.000000 4
-0.424000 0
0.000000 4
-0.424000 5
0.000000 4
-0.360000 5
0.000000 4
-0.424000 0
0.000000 4
-0.360000 5
0.000000 4
-0.400000 8
0.000000 4
-0.400000 8
0.000000 4
-0.360000 5
0.120000 0
-0.312000 5
0.000000 4
-0.104000 5
0.000000 4
-0.190000 0
0.000000 4
-0.000000 9
0.000000 4
-0.190000 0
0.000000 4
-0.280000 0
0.000000 4
-0.200000 7
0.000000 4
-0.235000 0
0.000000 4
-0.200000 7
0.000000 4
-0.283200 5
0.000000 4
-0.280000 0
0.000000 4
-0.200000 7
0.000000 4
-0.280000 0
0.000000 4
-0.227440 0
0.000000 4
-0.000000 9
0.000000 4
-0.000000 9
0.120000 0
-0.283200 5
0.000000 4
0.008000 0
0.000000 4
0.120000 7
0.000000 4
0.050000 9
0.000000 4
-0.104000 7
0.000000 4
-0.104000 7
0.000000 4
-0.193600 0
0.000000 4
-0.104000 7
0.000000 4
-0.193599 0
0.000000 4
-0.193600 0
0.000000 4
-0.104000 7
0.000000 4
-0.193600 0
0.000000 4
-0.104000 7
0.000000 4
0.120000 6
0.000000 4
0.050000 9
0.000000 4
0.400000 9
0.120000 0
-0.193600 0
0.000000 4
-0.283200 4
0.000000 4
-0.354880 0
0.000000 4
-0.193600 4
0.000000 4
-0.160000 4
0.000000 4
-0.301118 0
0.000000 4
-0.283200 4
0.000000 4
-0.200000 4
0.000000 4
-0.280000 0
0.000000 4
-0.223464 4
0.000000 4
-0.301118 0
0.000000 4
-0.283200 4
0.000000 4
-0.200000 7
0.000000 4
-0.301118 0
0.000000 4
-0.193600 4
0.000000 4
-0.160000 4
0.120000 0
0.120000 4
0.000000 4
-0.283200 5
0.000000 4
-0.317440 5
0.000000 4
-0.200000 5
0.000000 4
-0.258720 5
0.000000 4
-0.336160 5
0.000000 4
-0.283200 5
0.000000 4
-0.354880 0
0.000000 4
-0.200000 4
0.000000 4
-0.283200 5
0.000000 4
-0.354880 0
0.000000 4
-0.283200 5
0.000000 4
-0.354880 0
0.000000 4
-0.336160 5
0.000000 4
-0.283200 5
0.000000 4
-0.354880 0
0.120000 0
-0.200000 5
0.000000 4
-0.143200 5
0.000000 4
-0.000000 9
0.000000 4
-0.000000 9
0.000000 4
-0.104000 5
0.000000 4
-0.104000 5
0.000000 4
-0.146800 0
0.000000 4
-0.000000 9
0.000000 4
-0.146800 0
0.000000 4
-0.193600 0
0.000000 4
-0.104000 5
0.000000 4
-0.146800 0
0.000000 4
-0.104000 5
0.000000 4
-0.104000 5
0.000000 4
-0.146800 0
0.000000 4
-0.000000 9
0.120000 0
-0.146800 0
0.000000 4
0.120000 7
0.000000 4
0.134000 0
0.000000 4
0.400000 9
0.000000 4
0.008000 0
0.000000 4
0.008000 0
0.000000 4
0.120000 7
0.000000 4
0.008000 0
0.000000 4
0.120000 7
0.000000 4
-0.092800 0
0.000000 4
0.008000 0
0.000000 4
0.120000 7
0.000000 4
0.007999 0
0.000000 4
0.008000 0
0.000000 4
0.120000 6
0.000000 4
0.050000 9
0.120000 0
0.120000 7
0.000000 4
-0.193600 4
0.000000 4
-0.104000 4
0.000000 4
-0.193600 0
0.000000 4
0.008000 4
0.000000 4
-0.274240 0
0.000000 4
-0.193600 4
0.000000 4
-0.104000 4
0.000000 4
-0.193600 0
0.000000 4
-0.193600 4
0.000000 4
-0.189120 4
0.000000 4
-0.200000 4
0.000000 4
-0.104000 4
0.000000 4
-0.189120 4
0.000000 4
-0.193600 4
0.000000 4
-0.104000 4
0.120000 0
-0.193600 0
0.000000 4
-0.365553 5
0.000000 4
-0.200000 5
0.000000 4
-0.200000 5
0.000000 4
-0.104000 5
0.000000 4
-0.354880 4
0.000000 4
-0.351296 4
0.000000 4
-0.200000 5
0.000000 4
-0.276000 5
0.000000 4
-0.388000 5
0.000000 4
-0.354880 4
0.000000 4
-0.317248 4
0.000000 4
-0.200000 4
0.000000 4
-0.354880 4
0.000000 4
-0.419389 0
0.000000 4
-0.354880 4
0.120000 0
-0.283200 4
0.000000 4
-0.000000 9
0.000000 4
-0.000000 9
0.000000 4
0.120000 5
0.000000 4
0.008000 0
0.000000 4
-0.206941 0
0.000000 4
-0.000000 9
0.000000 4
-0.000000 9
0.000000 4
0.120000 5
0.000000 4
-0.237647 5
0.000000 4
-0.190000 0
0.000000 4
-0.000000 9
0.000000 4
-0.190000 0
0.000000 4
-0.280000 0
0.000000 4
-0.200000 6
0.000000 4
-0.219999 0
0.120000 0
-0.200000 6
0.000000 4
0.058824 0
0.000000 4
0.400000 9
0.000000 4
0.400000 9
0.000000 4
0.134000 0
0.000000 4
-0.047059 0
0.000000 4
0.058824 0
0.000000 4
0.400000 9
0.000000 4
0.260000 0
0.000000 4
-0.142353 0
0.000000 4
-0.047059 0
0.000000 4
0.058824 0
0.000000 4
0.400000 9
0.000000 4
-0.104000 6
0.000000 4
-0.142353 0
0.000000 4
-0.047059 0
0.120000 0
0.058824 0
0.000000 5
-0.400000 8
0.000000 5
-0.488000 5
0.000000 5
-0.400000 8
0.000000 5
-0.200000 7
0.000000 5
-0.488000 5
0.000000 5
-0.400000 8
0.000000 5
-0.488000 5
0.000000 5
-0.400000 8
0.000000 5
-0.400000 8
0.000000 5
-0.488000 5
0.000000 5
-0.400000 8
0.000000 5
-0.460000 0
0.000000 5
-0.400000 8
0.000000 5
-0.400000 8
0.000000 5
-0.460000 0
0.000000 5
-0.400000 8
0.000000 4
-0.360000 5
0.000000 4
-0.423997 0
0.000000 4
-0.360000 5
0.000000 4
-0.400000 8
0.000000 4
-0.424000 5
0.000000 4
-0.360000 5
0.000000 4
-0.424000 0
0.000000 4
-0.360000 5
0.000000 4
-0.400000 8
0.000000 4
-0.424000 5
0.000000 4
-0.360000 5
0.000000 4
-0.400000 8
0.000000 4
-0.400000 8
0.000000 4
-0.400000 9
0.000000 4
-0.400000 8
0.000000 4
-0.400000 8
0.000000 4
-0.280000 0
0.000000 4
-0.200000 7
0.000000 4
-0.279998 0
0.000000 4
-0.200000 7
0.000000 4
-0.352000 0
0.000000 4
-0.280000 0
0.000000 4
-0.200000 7
0.000000 4
-0.280000 0
0.000000 4
-0.400000 8
0.000000 4
-0.352000 0
0.000000 4
-0.280000 0
0.000000 4
-0.352000 0
0.000000 4
-0.000000 9
0.000000 4
-0.000000 9
0.000000 4
-0.000000 9
0.000000 4
-0.400000 8
0.000000 4
-0.104000 7
0.000000 4
-0.160000 7
0.000000 4
-0.283200 7
0.000000 4
-0.280000 5
0.000000 4
-0.300000 9
0.000000 4
-0.283200 7
0.000000 4
-0.354880 0
0.000000 4
-0.283200 7
0.000000 4
-0.200000 5
0.000000 4
-0.300000 9
0.000000 4
-0.283200 7
0.000000 4
-0.354880 0
0.000000 4
0.050000 9
0.000000 4
0.400000 9
0.000000 4
0.400000 9
0.000000 4
-0.283200 7
0.000000 4
-0.420925 0
0.000000 4
-0.354880 4
0.000000 4
-0.200000 4
0.000000 4
-0.280000 0
0.000000 4
-0.356583 4
0.000000 4
-0.420925 0
0.000000 4
-0.426560 4
0.000000 4
-0.200000 7
0.000000 4
-0.420925 0
0.000000 4
-0.393280 4
0.000000 4
-0.400000 8
0.000000 4
-0.400000 8
0.000000 4
-0.360000 4
0.000000 4
-0.400000 8
0.000000 4
-0.153280 4
0.000000 4
0.120000 4
0.000000 4
-0.388000 5
0.000000 4
-0.360000 5
0.000000 4
-0.424000 0
0.000000 4
-0.200000 4
0.000000 4
-0.360000 5
0.000000 4
-0.422000 5
0.000000 4
-0.360000 5
0.000000 4
-0.424000 0
0.000000 4
-0.424000 5
0.000000 4
-0.360000 5
0.000000 4
-0.424000 0
0.000000 4
-0.360000 5
0.000000 4
-0.400000 9
0.000000 4
-0.400000 9
0.000000 4
-0.360000 5
0.000000 4
-0.312000 5
0.000000 4
-0.104000 5
0.000000 4
-0.190000 0
0.000000 4
-0.000000 9
0.000000 4
-0.190000 0
0.000000 4
-0.280000 0
0.000000 4
-0.200000 7
0.000000 4
-0.235000 0
0.000000 4
-0.200000 7
0.000000 4
-0.283200 5
0.000000 4
-0.280000 0
0.000000 4
-0.200000 7
0.000000 4
-0.280000 0
0.000000 4
-0.227440 0
0.000000 4
-0.000000 9
0.000000 4
-0.000000 9
0.000000 4
-0.283200 5
0.000000 4
0.008000 0
0.000000 4
0.120000 7
0.000000 4
0.050000 9
0.000000 4
-0.104000 7
0.000000 4
-0.104000 7
0.000000 4
-0.193600 0
0.000000 4
-0.104000 7
0.000000 4
-0.193599 0
0.000000 4
-0.193600 0
0.000000 4
-0.104000 7
0.000000 4
-0.193600 0
0.000000 4
-0.104000 7
0.000000 4
0.120000 6
0.000000 4
0.050000 9
0.000000 4
0.400000 9
0.000000 4
-0.193600 0
0.000000 4
-0.283200 4
0.000000 4
-0.354880 0
0.000000 4
-0.193600 4
0.000000 4
-0.160000 4
0.000000 4
-0.301118 0
0.000000 4
-0.283200 4
0.000000 4
-0.200000 4
0.000000 4
-0.280000 0
0.000000 4
-0.223464 4
0.000000 4
-0.301118 0
0.000000 4
-0.283200 4
0.000000 4
-0.200000 7
0.000000 4
-0.301118 0
0.000000 4
-0.193600 4
0.000000 4
-0.160000 4
0.000000 4
0.120000 4
0.000000 4
-0.283200 5
0.000000 4
-0.317440 5
0.000000 4
-0.200000 5
0.000000 4
-0.258720 5
0.000000 4
-0.336160 5
0.000000 4
-0.283200 5
0.000000 4
-0.354880 0
0.000000 4
-0.200000 4
0.000000 4
-0.283200 5
0.000000 4
-0.354880 0
0.000000 4
-0.283200 5
0.000000 4
-0.354880 0
0.000000 4
-0.336160 5
0.000000 4
-0.283200 5
0.000000 4
-0.354880 0
0.000000 4
-0.200000 5
0.000000 4
-0.143200 5
0.000000 4
-0.000000 9
0.000000 4
-0.000000 9
0.000000 4
-0.104000 5
0.000000 4
-0.104000 5
0.000000 4
-0.146800 0
0.000000 4
-0.000000 9
0.000000 4
-0.146800 0
0.000000 4
-0.193600 0
0.000000 4
-0.104000 5
0.000000 4
-0.146800 0
0.000000 4
-0.104000 5
0.000000 4
-0.104000 5
0.000000 4
-0.146800 0
0.000000 4
-0.000000 9
0.000000 4
-0.146800 0
0.000000 4
0.120000 7
0.000000 4
0.134000 0
0.000000 4
0.400000 9
0.000000 4
0.008000 0
0.000000 4
0.008000 0
0.000000 4
0.120000 7
0.000000 4
0.008000 0
0.000000 4
0.120000 7
0.000000 4
-0.092800 0
0.000000 4
0.008000 0
0.000000 4
0.120000 7
0.000000 4
0.007999 0
0.000000 4
0.008000 0
0.000000 4
0.120000 6
0.000000 4
0.050000 9
0.000000 4
0.120000 7
0.000000 4
-0.193600 4
0.000000 4
-0.104000 4
0.000000 4
-0.193600 0
0.000000 4
0.008000 4
0.000000 4
-0.274240 0
0.000000 4
-0.193600 4
0.000000 4
-0.104000 4
0.000000 4
-0.193600 0
0.000000 4
-0.193600 4
0.000000 4
-0.189120 4
0.000000 4
-0.200000 4
0.000000 4
-0.104000 4
0.000000 4
-0.189120 4
0.000000 4
-0.193600 4
0.000000 4
-0.104000 4
0.000000 4
-0.193600 0
0.000000 4
-0.365553 5
0.000000 4
-0.200000 5
0.000000 4
-0.200000 5
0.000000 4
-0.104000 5
0.000000 4
-0.354880 4
0.000000 4
-0.351296 4
0.000000 4
-0.200000 5
0.000000 4
-0.276000 5
0.000000 4
-0.388000 5
0.000000 4
-0.354880 4
0.000000 4
-0.317248 4
0.000000 4
-0.200000 4
0.000000 4
-0.354880 4
0.000000 4
-0.419389 0
0.000000 4
-0.354880 4
0.000000 4
-0.283200 4
0.000000 4
-0.000000 9
0.000000 4
-0.000000 9
0.000000 4
0.120000 5
0.000000 4
0.008000 0
0.000000 4
-0.206941 0
0.000000 4
-0.000000 9
0.000000 4
-0.000000 9
0.000000 4
0.120000 5
0.000000 4
-0.237647 5
0.000000 4
-0.190000 0
0.000000 4
-0.000000 9
0.000000 4
-0.190000 0
0.000000 4
-0.280000 0
0.000000 4
-0.200000 6
0.000000 4
-0.219999 0
0.000000 4
-0.200000 6
0.000000 4
0.058824 0
0.000000 4
0.400000 9
0.000000 4
0.400000 9
0.000000 4
0.134000 0
0.000000 4
-0.047059 0
0.000000 4
0.058824 0
0.000000 4
0.400000 9
0.000000 4
0.260000 0
0.000000 4
-0.142353 0
0.000000 4
-0.047059 0
0.000000 4
0.058824 0
0.000000 4
0.400000 9
0.000000 4
-0.104000 6
0.000000 4
-0.142353 0
0.000000 4
-0.047059 0
0.000000 4
0.058824 0
0.000000 5
-0.470976 7
0.000000 5
-0.460000 0
0.000000 5
-0.483904 7
0.000000 5
-0.200000 7
0.000000 5
-0.460000 0
0.000000 5
-0.500000 8
0.000000 5
-0.460000 0
0.000000 5
-0.520000 5
0.000000 5
-0.500000 8
0.000000 5
-0.460000 0
0.000000 5
-0.520000 5
0.000000 5
-0.460000 0
0.000000 5
-0.460000 0
0.000000 5
-0.500000 8
0.000000 5
-0.460000 0
0.000000 5
-0.431936 7
0.000000 4
-0.360000 5
0.000000 4
-0.399996 8
0.000000 4
-0.360000 5
0.000000 4
-0.400000 8
0.000000 4
-0.400000 8
0.000000 4
-0.360000 5
0.000000 4
-0.400000 8
0.000000 4
-0.360000 5
0.000000 4
-0.400000 8
0.000000 4
-0.400000 8
0.000000 4
-0.360000 5
0.000000 4
-0.400000 8
0.000000 4
-0.400000 8
0.000000 4
-0.400000 8
0.000000 4
-0.400000 8
0.000000 4
-0.460000 0
0.000000 4
-0.280000 0
0.000000 4
-0.200000 7
0.000000 4
-0.279998 0
0.000000 4
-0.200000 7
0.000000 4
-0.352000 0
0.000000 4
-0.280000 0
0.000000 4
-0.200000 7
0.000000 4
-0.280000 0
0.000000 4
-0.400000 8
0.000000 4
-0.352000 0
0.000000 4
-0.280000 0
0.000000 4
-0.352000 0
0.000000 4
-0.000000 9
0.000000 4
-0.000000 9
0.000000 4
-0.000000 9
0.000000 4
-0.400000 8
0.000000 4
-0.104000 7
0.000000 4
-0.160000 7
0.000000 4
-0.283200 7
0.000000 4
-0.280000 5
0.000000 4
-0.300000 9
0.000000 4
-0.283200 7
0.000000 4
-0.354880 0
0.000000 4
-0.283200 7
0.000000 4
-0.200000 5
0.000000 4
-0.300000 9
0.000000 4
-0.283200 7
0.000000 4
-0.354880 0
0.000000 4
0.050000 9
0.000000 4
0.400000 9
0.000000 4
0.400000 9
0.000000 4
-0.283200 7
0.000000 4
-0.420925 0
0.000000 4
-0.354880 4
0.000000 4
-0.200000 4
0.000000 4
-0.280000 0
0.000000 4
-0.356583 4
0.000000 4
-0.420925 0
0.000000 4
-0.426560 4
0.000000 4
-0.200000 7
0.000000 4
-0.420925 0
0.000000 4
-0.393280 4
0.000000 4
-0.440000 4
0.000000 4
-0.426560 4
0.000000 4
-0.360000 4
0.000000 4
-0.440000 4
0.000000 4
-0.153280 4
0.000000 4
0.120000 4
0.000000 4
-0.388000 5
0.000000 4
-0.360000 5
0.000000 4
-0.424000 0
0.000000 4
-0.200000 4
0.000000 4
-0.360000 5
0.000000 4
-0.422000 5
0.000000 4
-0.360000 5
0.000000 4
-0.424000 0
0.000000 4
-0.424000 5
0.000000 4
-0.360000 5
0.000000 4
-0.424000 0
0.000000 4
-0.360000 5
0.000000 4
-0.400000 8
0.000000 4
-0.400000 8
0.000000 4
-0.360000 5
0.000000 4
-0.312000 5
0.000000 4
-0.104000 5
0.000000 4
-0.190000 0
0.000000 4
-0.000000 9
0.000000 4
-0.190000 0
0.000000 4
-0.280000 0
0.000000 4
-0.200000 7
0.000000 4
-0.235000 0
0.000000 4
-0.200000 7
0.000000 4
-0.283200 5
0.000000 4
-0.280000 0
0.000000 4
-0.200000 7
0.000000 4
-0.280000 0
0.000000 4
-0.227440 0
0.000000 4
-0.000000 9
0.000000 4
-0.000000 9
0.000000 4
-0.283200 5
0.000000 4
0.008000 0
0.000000 4
0.120000 7
0.000000 4
0.050000 9
0.000000 4
-0.104000 7
0.000000 4
-0.104000 7
0.000000 4
-0.193600 0
0.000000 4
-0.104000 7
0.000000 4
-0.193599 0
0.000000 4
-0.193600 0
0.000000 4
-0.104000 7
0.000000 4
-0.193600 0
0.000000 4
-0.104000 7
0.000000 4
0.120000 6
0.000000 4
0.050000 9
0.000000 4
0.400000 9
0.000000 4
-0.193600 0
0.000000 4
-0.283200 4
0.000000 4
-0.354880 0
0.000000 4
-0.193600 4
0.000000 4
-0.160000 4
0.000000 4
-0.301118 0
0.000000 4
-0.283200 4
0.000000 4
-0.200000 4
0.000000 4
-0.280000 0
0.000000 4
-0.223464 4
0.000000 4
-0.301118 0
0.000000 4
-0.283200 4
0.000000 4
-0.200000 7
0.000000 4
-0.301118 0
0.000000 4
-0.193600 4
0.000000 4
-0.160000 4
0.000000 4
0.120000 4
0.000000 4
-0.283200 5
0.000000 4
-0.317440 5
0.000000 4
-0.200000 5
0.000000 4
-0.258720 5
0.000000 4
-0.336160 5
0.000000 4
-0.283200 5
0.000000 4
-0.354880 0
0.000000 4
-0.200000 4
0.000000 4
-0.283200 5
0.000000 4
-0.354880 0
0.000000 4
-0.283200 5
0.000000 4
-0.354880 0
0.000000 4
-0.336160 5
0.000000 4
-0.283200 5
0.000000 4
-0.354880 0
0.000000 4
-0.200000 5
0.000000 4
-0.143200 5
0.000000 4
-0.000000 9
0.000000 4
-0.000000 9
0.000000 4
-0.104000 5
0.000000 4
-0.104000 5
0.000000 4
-0.146800 0
0.000000 4
-0.000000 9
0.000000 4
-0.146800 0
0.000000 4
-0.193600 0
0.000000 4
-0.104000 5
0.000000 4
-0.146800 0
0.000000 4
-0.104000 5
0.000000 4
-0.104000 5
0.000000 4
-0.146800 0
0.000000 4
-0.000000 9
0.000000 4
-0.146800 0
0.000000 4
0.120000 7
0.000000 4
0.134000 0
0.000000 4
0.400000 9
0.000000 4
0.008000 0
0.000000 4
0.008000 0
0.000000 4
0.120000 7
0.000000 4
0.008000 0
0.000000 4
0.120000 7
0.000000 4
-0.092800 0
0.000000 4
0.008000 0
0.000000 4
0.120000 7
0.000000 4
0.007999 0
0.000000 4
0.008000 0
0.000000 4
0.120000 6
0.000000 4
0.050000 9
0.000000 4
0.120000 7
0.000000 4
-0.193600 4
0.000000 4
-0.104000 4
0.000000 4
-0.193600 0
0.000000 4
0.008000 4
0.000000 4
-0.274240 0
0.000000 4
-0.193600 4
0.000000 4
-0.104000 4
0.000000 4
-0.193600 0
0.000000 4
-0.193600 4
0.000000 4
-0.189120 4
0.000000 4
-0.200000 4
0.000000 4
-0.104000 4
0.000000 4
-0.189120 4
0.000000 4
-0.193600 4
0.000000 4
-0.104000 4
0.000000 4
-0.193600 0
0.000000 4
-0.365553 5
0.000000 4
-0.200000 5
0.000000 4
-0.200000 5
0.000000 4
-0.104000 5
0.000000 4
-0.354880 4
0.000000 4
-0.351296 4
0.000000 4
-0.200000 5
0.000000 4
-0.276000 5
0.000000 4
-0.388000 5
0.000000 4
-0.354880 4
0.000000 4
-0.317248 4
0.000000 4
-0.200000 4
0.000000 4
-0.354880 4
0.000000 4
-0.419389 0
0.000000 4
-0.354880 4
0.000000 4
-0.283200 4
0.000000 4
-0.000000 9
0.000000 4
-0.000000 9
0.000000 4
0.120000 5
0.000000 4
0.008000 0
0.000000 4
-0.206941 0
0.000000 4
-0.000000 9
0.000000 4
-0.000000 9
0.000000 4
0.120000 5
0.000000 4
-0.237647 5
0.000000 4
-0.190000 0
0.000000 4
-0.000000 9
0.000000 4
-0.190000 0
0.000000 4
-0.280000 0
0.000000 4
-0.200000 6
0.000000 4
-0.219999 0
0.000000 4
-0.200000 6
0.000000 4
0.058824 0
0.000000 4
0.400000 9
0.000000 4
0.400000 9
0.000000 4
0.134000 0
0.000000 4
-0.047059 0
0.000000 4
0.058824 0
0.000000 4
0.400000 9
0.000000 4
0.260000 0
0.000000 4
-0.142353 0
0.000000 4
-0.047059 0
0.000000 4
0.058824 0
0.000000 4
0.400000 9
0.000000 4
-0.104000 6
0.000000 4
-0.142353 0
0.000000 4
-0.047059 0
0.000000 4
0.058824 0
0.108000 5
-0.470976 7
0.120000 3
-0.488000 5
0.050000 9
-0.483904 7
0.000000 5
-0.200000 7
0.000000 5
-0.488000 5
0.000000 5
-0.514000 0
0.000000 5
-0.488000 5
0.000000 5
-0.514000 0
0.000000 5
-0.514000 0
0.000000 5
-0.488000 5
0.000000 5
-0.514000 0
0.000000 5
-0.488000 5
0.162000 5
-0.536740 7
0.180000 5
-0.514000 0
0.400000 9
-0.488000 5
0.000000 5
-0.431936 7
0.108000 4
-0.360000 5
0.120000 3
-0.423997 0
0.050000 9
-0.360000 5
0.000000 4
-0.424000 0
0.000000 4
-0.424000 5
0.000000 4
-0.360000 5
0.000000 4
-0.424000 0
0.000000 4
-0.360000 5
0.000000 4
-0.460000 0
0.000000 4
-0.424000 5
0.000000 4
-0.360000 5
0.000000 4
-0.424000 5
0.162000 4
-0.400000 9
0.180000 4
-0.400000 9
0.400000 9
-0.400000 9
0.000000 4
-0.460000 0
0.108000 4
-0.280000 0
0.120000 3
-0.200000 7
0.050000 9
-0.279998 0
0.000000 4
-0.200000 7
0.000000 4
-0.352000 0
0.000000 4
-0.280000 0
0.000000 4
-0.200000 7
0.000000 4
-0.280000 0
0.000000 4
-0.400000 8
0.000000 4
-0.352000 0
0.000000 4
-0.280000 0
0.000000 4
-0.352000 0
0.162000 4
-0.000000 9
0.180000 4
-0.000000 9
0.400000 9
-0.000000 9
0.000000 4
-0.400000 8
0.108000 4
-0.104000 7
0.120000 3
-0.160000 7
0.050000 9
-0.283200 7
0.000000 4
-0.280000 5
0.000000 4
-0.300000 9
0.000000 4
-0.283200 7
0.000000 4
-0.354880 0
0.000000 4
-0.283200 7
0.000000 4
-0.200000 5
0.000000 4
-0.300000 9
0.000000 4
-0.283200 7
0.000000 4
-0.354880 0
0.162000 4
0.050000 9
0.180000 4
0.400000 9
0.400000 9
0.400000 9
0.000000 4
-0.283200 7
0.108000 4
-0.420925 0
0.120000 3
-0.354880 4
0.050000 9
-0.200000 4
0.000000 4
-0.280000 0
0.000000 4
-0.356583 4
0.000000 4
-0.420925 0
0.000000 4
-0.426560 4
0.000000 4
-0.200000 7
0.000000 4
-0.420925 0
0.000000 4
-0.393280 4
0.000000 4
-0.440000 4
0.000000 4
-0.426560 4
0.162000 4
-0.360000 4
0.180000 4
-0.440000 4
0.400000 9
-0.153280 4
0.000000 4
0.120000 4
0.108000 4
-0.388000 5
0.120000 3
-0.360000 5
0.050000 9
-0.424000 0
0.000000 4
-0.200000 4
0.000000 4
-0.360000 5
0.000000 4
-0.422000 5
0.000000 4
-0.360000 5
0.000000 4
-0.424000 0
0.000000 4
-0.424000 5
0.000000 4
-0.360000 5
0.000000 4
-0.424000 0
0.000000 4
-0.360000 5
0.162000 4
-0.400000 9
0.180000 4
-0.400000 9
0.400000 9
-0.360000 5
0.000000 4
-0.312000 5
0.108000 4
-0.104000 5
0.120000 3
-0.190000 0
0.050000 9
-0.000000 9
0.000000 4
-0.190000 0
0.000000 4
-0.280000 0
0.000000 4
-0.200000 7
0.000000 4
-0.235000 0
0.000000 4
-0.200000 7
0.000000 4
-0.283200 5
0.000000 4
-0.280000 0
0.000000 4
-0.200000 7
0.000000 4
-0.280000 0
0.162000 4
-0.227440 0
0.180000 4
-0.000000 9
0.400000 9
-0.000000 9
0.000000 4
-0.283200 5
0.108000 4
0.008000 0
0.120000 3
0.120000 7
0.050000 9
0.050000 9
0.000000 4
-0.104000 7
0.000000 4
-0.104000 7
0.000000 4
-0.193600 0
0.000000 4
-0.104000 7
0.000000 4
-0.193599 0
0.000000 4
-0.193600 0
0.000000 4
-0.104000 7
0.000000 4
-0.193600 0
0.000000 4
-0.104000 7
0.162000 4
0.120000 6
0.180000 4
0.050000 9
0.400000 9
0.400000 9
0.000000 4
-0.193600 0
0.108000 4
-0.283200 4
0.120000 3
-0.354880 0
0.050000 9
-0.193600 4
0.000000 4
-0.160000 4
0.000000 4
-0.301118 0
0.000000 4
-0.283200 4
0.000000 4
-0.200000 4
0.000000 4
-0.280000 0
0.000000 4
-0.223464 4
0.000000 4
-0.301118 0
0.000000 4
-0.283200 4
0.000000 4
-0.200000 7
0.162000 4
-0.301118 0
0.180000 4
-0.193600 4
0.400000 9
-0.160000 4
0.000000 4
0.120000 4
0.108000 4
-0.283200 5
0.120000 3
-0.317440 5
0.050000 9
-0.200000 5
0.000000 4
-0.258720 5
0.000000 4
-0.336160 5
0.000000 4
-0.283200 5
0.000000 4
-0.354880 0
0.000000 4
-0.200000 4
0.000000 4
-0.283200 5
0.000000 4
-0.354880 0
0.000000 4
-0.283200 5
0.000000 4
-0.354880 0
0.162000 4
-0.336160 5
0.180000 4
-0.283200 5
0.400000 9
-0.354880 0
0.000000 4
-0.200000 5
0.108000 4
-0.143200 5
0.120000 3
-0.000000 9
0.050000 9
-0.000000 9
0.000000 4
-0.104000 5
0.000000 4
-0.104000 5
0.000000 4
-0.146800 0
0.000000 4
-0.000000 9
0.000000 4
-0.146800 0
0.000000 4
-0.193600 0
0.000000 4
-0.104000 5
0.000000 4
-0.146800 0
0.000000 4
-0.104000 5
0.162000 4
-0.104000 5
0.180000 4
-0.146800 0
0.400000 9
-0.000000 9
0.000000 4
-0.146800 0
0.108000 4
0.120000 7
0.120000 3
0.134000 0
0.050000 9
0.400000 9
0.000000 4
0.008000 0
0.000000 4
0.008000 0
0.000000 4
0.120000 7
0.000000 4
0.008000 0
0.000000 4
0.120000 7
0.000000 4
-0.092800 0
0.000000 4
0.008000 0
0.000000 4
0.120000 7
0.000000 4
0.007999 0
0.162000 4
0.008000 0
0.180000 4
0.120000 6
0.400000 9
0.050000 9
0.000000 4
0.120000 7
0.108000 4
-0.193600 4
0.120000 3
-0.104000 4
0.050000 9
-0.193600 0
0.000000 4
0.008000 4
0.000000 4
-0.274240 0
0.000000 4
-0.193600 4
0.000000 4
-0.104000 4
0.000000 4
-0.193600 0
0.000000 4
-0.193600 4
0.000000 4
-0.189120 4
0.000000 4
-0.200000 4
0.000000 4
-0.104000 4
0.162000 4
-0.189120 4
0.180000 4
-0.193600 4
0.400000 9
-0.104000 4
0.000000 4
-0.193600 0
0.108000 4
-0.365553 5
0.120000 3
-0.200000 5
0.050000 9
-0.200000 5
0.000000 4
-0.104000 5
0.000000 4
-0.354880 4
0.000000 4
-0.351296 4
0.000000 4
-0.200000 5
0.000000 4
-0.276000 5
0.000000 4
-0.388000 5
0.000000 4
-0.354880 4
0.000000 4
-0.317248 4
0.000000 4
-0.200000 4
0.162000 4
-0.354880 4
0.180000 4
-0.406329 8
0.400000 9
-0.354880 4
0.000000 4
-0.283200 4
0.108000 4
-0.000000 9
0.120000 3
-0.000000 9
0.050000 9
0.120000 5
0.000000 4
0.008000 0
0.000000 4
-0.206941 0
0.000000 4
-0.000000 9
0.000000 4
-0.000000 9
0.000000 4
0.120000 5
0.000000 4
-0.237647 5
0.000000 4
-0.190000 0
0.000000 4
-0.000000 9
0.000000 4
-0.190000 0
0.162000 4
-0.280000 0
0.180000 4
-0.200000 6
0.400000 9
-0.219999 0
0.000000 4
-0.200000 6
0.108000 4
0.058824 0
0.120000 3
0.400000 9
0.050000 9
0.400000 9
0.000000 4
0.134000 0
0.000000 4
-0.047059 0
0.000000 4
0.058824 0
0.000000 4
0.400000 9
0.000000 4
0.260000 0
0.000000 4
-0.142353 0
0.000000 4
-0.047059 0
0.000000 4
0.058824 0
0.000000 4
0.400000 9
0.162000 4
-0.104000 6
0.180000 4
-0.142353 0
0.400000 9
-0.047059 0
0.000000 4
0.058824 0
0.000000 5
-0.470976 7
0.000000 5
-0.488000 5
0.000000 5
-0.483904 7
0.000000 5
-0.200000 7
0.000000 5
-0.488000 5
0.000000 5
-0.514000 1
0.000000 5
-0.488000 5
0.000000 5
-0.460000 2
0.000000 5
-0.514000 1
0.000000 5
-0.488000 5
0.000000 5
-0.460000 2
0.000000 5
-0.460000 2
0.000000 5
-0.536740 7
0.000000 5
-0.460000 2
0.000000 5
-0.460000 2
0.120000 0
-0.421312 7
0.000000 4
-0.360000 5
0.000000 4
-0.423997 0
0.000000 4
-0.360000 5
0.000000 4
-0.424000 0
0.000000 4
-0.424000 5
0.000000 4
-0.360000 5
0.000000 4
-0.424000 0
0.000000 4
-0.360000 5
0.000000 4
-0.460000 2
0.000000 4
-0.424000 5
0.000000 4
-0.360000 5
0.000000 4
-0.424000 5
0.000000 4
-0.400000 9
0.000000 4
-0.400000 9
0.000000 4
-0.400000 9
0.120000 0
-0.460000 2
0.000000 4
-0.280000 0
0.000000 4
-0.200000 7
0.000000 4
-0.279998 0
0.000000 4
-0.200000 7
0.000000 4
-0.352000 0
0.000000 4
-0.280000 0
0.000000 4
-0.200000 7
0.000000 4
-0.280000 0
0.000000 4
-0.416800 0
0.000000 4
-0.352000 0
0.000000 4
-0.280000 0
0.000000 4
-0.352000 0
0.000000 4
-0.000000 9
0.000000 4
-0.000000 9
0.000000 4
-0.000000 9
0.120000 0
-0.416800 0
0.000000 4
-0.104000 7
0.000000 4
-0.160000 7
0.000000 4
-0.283200 7
0.000000 4
-0.280000 5
0.000000 4
-0.300000 9
0.000000 4
-0.283200 7
0.000000 4
-0.354880 0
0.000000 4
-0.283200 7
0.000000 4
-0.200000 5
0.000000 4
-0.300000 9
0.000000 4
-0.283200 7
0.000000 4
-0.354880 0
0.000000 4
0.050000 9
0.000000 4
0.400000 9
0.000000 4
0.400000 9
0.120000 0
-0.283200 7
0.000000 4
-0.420925 0
0.000000 4
-0.354880 4
0.000000 4
-0.200000 4
0.000000 4
-0.280000 0
0.000000 4
-0.356583 4
0.000000 4
-0.420925 0
0.000000 4
-0.400000 8
0.000000 4
-0.200000 7
0.000000 4
-0.420925 0
0.000000 4
-0.393280 4
0.000000 4
-0.400000 8
0.000000 4
-0.400000 8
0.000000 4
-0.360000 4
0.000000 4
-0.400000 8
0.000000 4
-0.153280 4
0.120000 0
0.120000 4
0.000000 4
-0.388000 5
0.000000 4
-0.360000 5
0.000000 4
-0.400000 8
0.000000 4
-0.200000 4
0.000000 4
-0.360000 5
0.000000 4
-0.400000 8
0.000000 4
-0.360000 5
0.000000 4
-0.400000 8
0.000000 4
-0.400000 8
0.000000 4
-0.360000 5
0.000000 4
-0.400000 8
0.000000 4
-0.360000 5
0.000000 4
-0.400000 9
0.000000 4
-0.400000 8
0.000000 4
-0.360000 5
0.120000 0
-0.312000 5
0.000000 4
-0.104000 5
0.000000 4
-0.190000 0
0.000000 4
-0.000000 9
0.000000 4
-0.190000 0
0.000000 4
-0.280000 0
0.000000 4
-0.200000 7
0.000000 4
-0.235000 0
0.000000 4
-0.200000 7
0.000000 4
-0.283200 5
0.000000 4
-0.280000 0
0.000000 4
-0.200000 7
0.000000 4
-0.280000 0
0.000000 4
-0.227440 0
0.000000 4
-0.000000 9
0.000000 4
-0.000000 9
0.120000 0
-0.283200 5
0.000000 4
0.008000 0
0.000000 4
0.120000 7
0.000000 4
0.050000 9
0.000000 4
-0.104000 7
0.000000 4
-0.104000 7
0.000000 4
-0.193600 0
0.000000 4
-0.104000 7
0.000000 4
-0.193599 0
0.000000 4
-0.193600 0
0.000000 4
-0.104000 7
0.000000 4
-0.193600 0
0.000000 4
-0.104000 7
0.000000 4
0.120000 6
0.000000 4
0.050000 9
0.000000 4
0.400000 9
0.120000 0
-0.193600 0
0.000000 4
-0.283200 4
0.000000 4
-0.354880 0
0.000000 4
-0.193600 4
0.000000 4
-0.160000 4
0.000000 4
-0.301118 0
0.000000 4
-0.283200 4
0.000000 4
-0.200000 4
0.000000 4
-0.280000 0
0.000000 4
-0.223464 4
0.000000 4
-0.301118 0
0.000000 4
-0.283200 4
0.000000 4
-0.200000 7
0.000000 4
-0.301118 0
0.000000 4
-0.193600 4
0.000000 4
-0.160000 4
0.120000 0
0.120000 4
0.000000 4
-0.283200 5
0.000000 4
-0.317440 5
0.000000 4
-0.200000 5
0.000000 4
-0.258720 5
0.000000 4
-0.336160 5
0.000000 4
-0.283200 5
0.000000 4
-0.354880 0
0.000000 4
-0.200000 4
0.000000 4
-0.283200 5
0.000000 4
-0.354880 0
0.000000 4
-0.283200 5
0.000000 4
-0.354880 0
0.000000 4
-0.336160 5
0.000000 4
-0.283200 5
0.000000 4
-0.354880 0
0.120000 0
-0.200000 5
0.000000 4
-0.143200 5
0.000000 4
-0.000000 9
0.000000 4
-0.000000 9
0.000000 4
-0.104000 5
0.000000 4
-0.104000 5
0.000000 4
-0.146800 0
0.000000 4
-0.000000 9
0.000000 4
-0.146800 0
0.000000 4
-0.193600 0
0.000000 4
-0.104000 5
0.000000 4
-0.146800 0
0.000000 4
-0.104000 5
0.000000 4
-0.104000 5
0.000000 4
-0.146800 0
0.000000 4
-0.000000 9
0.120000 0
-0.146800 0
0.000000 4
0.120000 7
0.000000 4
0.134000 0
0.000000 4
0.400000 9
0.000000 4
0.008000 0
0.000000 4
0.008000 0
0.000000 4
0.120000 7
0.000000 4
0.008000 0
0.000000 4
0.120000 7
0.000000 4
-0.092800 0
0.000000 4
0.008000 0
0.000000 4
0.120000 7
0.000000 4
0.007999 0
0.000000 4
0.008000 0
0.000000 4
0.120000 6
0.000000 4
0.050000 9
0.120000 0
0.120000 7
0.000000 4
-0.193600 4
0.000000 4
-0.104000 4
0.000000 4
-0.193600 0
0.000000 4
0.008000 4
0.000000 4
-0.274240 0
0.000000 4
-0.193600 4
0.000000 4
-0.104000 4
0.000000 4
-0.193600 0
0.000000 4
-0.193600 4
0.000000 4
-0.189120 4
0.000000 4
-0.200000 4
0.000000 4
-0.104000 4
0.000000 4
-0.189120 4
0.000000 4
-0.193600 4
0.000000 4
-0.104000 4
0.120000 0
-0.193600 0
0.000000 4
-0.365553 5
0.000000 4
-0.200000 5
0.000000 4
-0.200000 5
0.000000 4
-0.104000 5
0.000000 4
-0.354880 4
0.000000 4
-0.351296 4
0.000000 4
-0.200000 5
0.000000 4
-0.276000 5
0.000000 4
-0.388000 5
0.000000 4
-0.354880 4
0.000000 4
-0.317248 4
0.000000 4
-0.200000 4
0.000000 4
-0.354880 4
0.000000 4
-0.399996 8
0.000000 4
-0.354880 4
0.120000 0
-0.283200 4
0.000000 4
-0.000000 9
0.000000 4
-0.000000 9
0.000000 4
0.120000 5
0.000000 4
0.008000 0
0.000000 4
-0.206941 0
0.000000 4
-0.000000 9
0.000000 4
-0.000000 9
0.000000 4
0.120000 5
0.000000 4
-0.237647 5
0.000000 4
-0.190000 0
0.000000 4
-0.000000 9
0.000000 4
-0.190000 0
0.000000 4
-0.280000 0
0.000000 4
-0.200000 6
0.000000 4
-0.219999 0
0.120000 0
-0.200000 6
0.000000 4
0.058824 0
0.000000 4
0.400000 9
0.000000 4
0.400000 9
0.000000 4
0.134000 0
0.000000 4
-0.047059 0
0.000000 4
0.058824 0
0.000000 4
0.400000 9
0.000000 4
0.260000 0
0.000000 4
-0.142353 0
0.000000 4
-0.047059 0
0.000000 4
0.058824 0
0.000000 4
0.400000 9
0.000000 4
-0.104000 6
0.000000 4
-0.142353 0
0.000000 4
-0.047059 0
0.120000 0
0.058824 0
0.000000 5
-0.470976 7
0.000000 5
-0.460000 2
0.000000 5
-0.483904 7
0.000000 5
-0.200000 7
0.000000 5
-0.460000 2
0.000000 5
-0.500000 8
0.000000 5
-0.460000 2
0.000000 5
-0.500000 8
0.000000 5
-0.500000 8
0.000000 5
-0.460000 2
0.000000 5
-0.517312 7
0.000000 5
-0.460000 2
0.000000 5
-0.460000 2
0.000000 5
-0.514624 7
0.000000 5
-0.460000 2
0.000000 5
-0.421312 7
0.000000 4
-0.360000 5
0.000000 4
-0.423997 0
0.000000 4
-0.360000 5
0.000000 4
-0.424000 0
0.000000 4
-0.424000 5
0.000000 4
-0.360000 5
0.000000 4
-0.424000 0
0.000000 4
-0.360000 5
0.000000 4
-0.481600 5
0.000000 4
-0.424000 5
0.000000 4
-0.360000 5
0.000000 4
-0.424000 5
0.000000 4
-0.400000 9
0.000000 4
-0.400000 9
0.000000 4
-0.400000 9
0.000000 4
-0.460000 2
0.000000 4
-0.280000 0
0.000000 4
-0.200000 7
0.000000 4
-0.279998 0
0.000000 4
-0.200000 7
0.000000 4
-0.352000 0
0.000000 4
-0.280000 0
0.000000 4
-0.200000 7
0.000000 4
-0.280000 0
0.000000 4
-0.416800 0
0.000000 4
-0.352000 0
0.000000 4
-0.280000 0
0.000000 4
-0.352000 0
0.000000 4
-0.000000 9
0.000000 4
-0.000000 9
0.000000 4
-0.000000 9
0.000000 4
-0.416800 0
0.000000 4
-0.104000 7
0.000000 4
-0.160000 7
0.000000 4
-0.283200 7
0.000000 4
-0.280000 5
0.000000 4
-0.300000 9
0.000000 4
-0.283200 7
0.000000 4
-0.354880 0
0.000000 4
-0.283200 7
0.000000 4
-0.200000 5
0.000000 4
-0.300000 9
0.000000 4
-0.283200 7
0.000000 4
-0.354880 0
0.000000 4
0.050000 9
0.000000 4
0.400000 9
0.000000 4
0.400000 9
0.000000 4
-0.283200 7
0.000000 4
-0.420925 0
0.000000 4
-0.354880 4
0.000000 4
-0.200000 4
0.000000 4
-0.280000 0
0.000000 4
-0.356583 4
0.000000 4
-0.420925 0
0.000000 4
-0.400000 8
0.000000 4
-0.200000 7
0.000000 4
-0.420925 0
0.000000 4
-0.393280 4
0.000000 4
-0.440000 4
0.000000 4
-0.400000 8
0.000000 4
-0.360000 4
0.000000 4
-0.440000 4
0.000000 4
-0.153280 4
0.000000 4
0.120000 4
0.000000 4
-0.388000 5
0.000000 4
-0.360000 5
0.000000 4
-0.424000 0
0.000000 4
-0.200000 4
0.000000 4
-0.360000 5
0.000000 4
-0.422000 5
0.000000 4
-0.360000 5
0.000000 4
-0.400000 8
0.000000 4
-0.424000 5
0.000000 4
-0.360000 5
0.000000 4
-0.424000 0
0.000000 4
-0.360000 5
0.000000 4
-0.400000 8
0.000000 4
-0.400000 9
0.000000 4
-0.360000 5
0.000000 4
-0.312000 5
0.000000 4
-0.104000 5
0.000000 4
-0.190000 0
0.000000 4
-0.000000 9
0.000000 4
-0.190000 0
0.000000 4
-0.280000 0
0.000000 4
-0.200000 7
0.000000 4
-0.235000 0
0.000000 4
-0.200000 7
0.000000 4
-0.283200 5
0.000000 4
-0.280000 0
0.000000 4
-0.200000 7
0.000000 4
-0.280000 0
0.000000 4
-0.227440 0
0.000000 4
-0.000000 9
0.000000 4
-0.000000 9
0.000000 4
-0.283200 5
0.000000 4
0.008000 0
0.000000 4
0.120000 7
0.000000 4
0.050000 9
0.000000 4
-0.104000 7
0.000000 4
-0.104000 7
0.000000 4
-0.193600 0
0.000000 4
-0.104000 7
0.000000 4
-0.193599 0
0.000000 4
-0.193600 0
0.000000 4
-0.104000 7
0.000000 4
-0.193600 0
0.000000 4
-0.104000 7
0.000000 4
0.120000 6
0.000000 4
0.050000 9
0.000000 4
0.400000 9
0.000000 4
-0.193600 0
0.000000 4
-0.283200 4
0.000000 4
-0.354880 0
0.000000 4
-0.193600 4
0.000000 4
-0.160000 4
0.000000 4
-0.301118 0
0.000000 4
-0.283200 4
0.000000 4
-0.200000 4
0.000000 4
-0.280000 0
0.000000 4
-0.223464 4
0.000000 4
-0.301118 0
0.000000 4
-0.283200 4
0.000000 4
-0.200000 7
0.000000 4
-0.301118 0
0.000000 4
-0.193600 4
0.000000 4
-0.160000 4
0.000000 4
0.120000 4
0.000000 4
-0.283200 5
0.000000 4
-0.317440 5
0.000000 4
-0.200000 5
0.000000 4
-0.258720 5
0.000000 4
-0.336160 5
0.000000 4
-0.283200 5
0.000000 4
-0.354880 0
0.000000 4
-0.200000 4
0.000000 4
-0.283200 5
0.000000 4
-0.354880 0
0.000000 4
-0.283200 5
0.000000 4
-0.354880 0
0.000000 4
-0.336160 5
0.000000 4
-0.283200 5
0.000000 4
-0.354880 0
0.000000 4
-0.200000 5
0.000000 4
-0.143200 5
0.000000 4
-0.000000 9
0.000000 4
-0.000000 9
0.000000 4
-0.104000 5
0.000000 4
-0.104000 5
0.000000 4
-0.146800 0
0.000000 4
-0.000000 9
0.000000 4
-0.146800 0
0.000000 4
-0.193600 0
0.000000 4
-0.104000 5
0.000000 4
-0.146800 0
0.000000 4
-0.104000 5
0.000000 4
-0.104000 5
0.000000 4
-0.146800 0
0.000000 4
-0.000000 9
0.000000 4
-0.146800 0
0.000000 4
0.120000 7
0.000000 4
0.134000 0
0.000000 4
0.400000 9
0.000000 4
0.008000 0
0.000000 4
0.008000 0
0.000000 4
0.120000 7
0.000000 4
0.008000 0
0.000000 4
0.120000 7
0.000000 4
-0.092800 0
0.000000 4
0.008000 0
0.000000 4
0.120000 7
0.000000 4
0.007999 0
0.000000 4
0.008000 0
0.000000 4
0.120000 6
0.000000 4
0.050000 9
0.000000 4
0.120000 7
0.000000 4
-0.193600 4
0.000000 4
-0.104000 4
0.000000 4
-0.193600 0
0.000000 4
0.008000 4
0.000000 4
-0.274240 0
0.000000 4
-0.193600 4
0.000000 4
-0.104000 4
0.000000 4
-0.193600 0
0.000000 4
-0.193600 4
0.000000 4
-0.189120 4
0.000000 4
-0.200000 4
0.000000 4
-0.104000 4
0.000000 4
-0.189120 4
0.000000 4
-0.193600 4
0.000000 4
-0.104000 4
0.000000 4
-0.193600 0
0.000000 4
-0.365553 5
0.000000 4
-0.200000 5
0.000000 4
-0.200000 5
0.000000 4
-0.104000 5
0.000000 4
-0.354880 4
0.000000 4
-0.351296 4
0.000000 4
-0.200000 5
0.000000 4
-0.276000 5
0.000000 4
-0.388000 5
0.000000 4
-0.354880 4
0.000000 4
-0.317248 4
0.000000 4
-0.200000 4
0.000000 4
-0.354880 4
0.000000 4
-0.419389 0
0.000000 4
-0.354880 4
0.000000 4
-0.283200 4
0.000000 4
-0.000000 9
0.000000 4
-0.000000 9
0.000000 4
0.120000 5
0.000000 4
0.008000 0
0.000000 4
-0.206941 0
0.000000 4
-0.000000 9
0.000000 4
-0.000000 9
0.000000 4
0.120000 5
0.000000 4
-0.237647 5
0.000000 4
-0.190000 0
0.000000 4
-0.000000 9
0.000000 4
-0.190000 0
0.000000 4
-0.280000 0
0.000000 4
-0.200000 6
0.000000 4
-0.219999 0
0.000000 4
-0.200000 6
0.000000 4
0.058824 0
0.000000 4
0.400000 9
0.000000 4
0.400000 9
0.000000 4
0.134000 0
0.000000 4
-0.047059 0
0.000000 4
0.058824 0
0.000000 4
0.400000 9
0.000000 4
0.260000 0
0.000000 4
-0.142353 0
0.000000 4
-0.047059 0
0.000000 4
0.058824 0
0.000000 4
0.400000 9
0.000000 4
-0.104000 6
0.000000 4
-0.142353 0
0.000000 4
-0.047059 0
0.000000 4
0.058824 0
0.000000 5
-0.470976 7
0.000000 5
-0.488000 5
0.000000 5
-0.483904 7
0.000000 5
-0.200000 7
0.000000 5
-0.488000 5
0.000000 5
-0.500000 8
0.000000 5
-0.488000 5
0.000000 5
-0.500000 8
0.000000 5
-0.500000 8
0.000000 5
-0.488000 5
0.000000 5
-0.500000 8
0.000000 5
-0.488000 5
0.000000 5
-0.500000 8
0.000000 5
-0.500000 8
0.000000 5
-0.488000 5
0.000000 5
-0.431936 7
0.000000 4
-0.360000 5
0.000000 4
-0.423997 0
0.000000 4
-0.360000 5
0.000000 4
-0.424000 0
0.000000 4
-0.424000 5
0.000000 4
-0.360000 5
0.000000 4
-0.424000 0
0.000000 4
-0.360000 5
0.000000 4
-0.460000 2
0.000000 4
-0.424000 5
0.000000 4
-0.360000 5
0.000000 4
-0.424000 5
0.000000 4
-0.400000 9
0.000000 4
-0.400000 9
0.000000 4
-0.400000 9
0.000000 4
-0.460000 2
0.000000 4
-0.280000 0
0.000000 4
-0.200000 7
0.000000 4
-0.279998 0
0.000000 4
-0.200000 7
0.000000 4
-0.352000 0
0.000000 4
-0.280000 0
0.000000 4
-0.200000 7
0.000000 4
-0.280000 0
0.000000 4
-0.416800 0
0.000000 4
-0.352000 0
0.000000 4
-0.280000 0
0.000000 4
-0.352000 0
0.000000 4
-0.000000 9
0.000000 4
-0.000000 9
0.000000 4
-0.000000 9
0.000000 4
-0.416800 0
0.000000 4
-0.104000 7
0.000000 4
-0.160000 7
0.000000 4
-0.283200 7
0.000000 4
-0.280000 5
0.000000 4
-0.300000 9
0.000000 4
-0.283200 7
0.000000 4
-0.354880 0
0.000000 4
-0.283200 7
0.000000 4
-0.200000 5
0.000000 4
-0.300000 9
0.000000 4
-0.283200 7
0.000000 4
-0.354880 0
0.000000 4
0.050000 9
0.000000 4
0.400000 9
0.000000 4
0.400000 9
0.000000 4
-0.283200 7
0.000000 4
-0.420925 0
0.000000 4
-0.354880 4
0.000000 4
-0.200000 4
0.000000 4
-0.280000 0
0.000000 4
-0.356583 4
0.000000 4
-0.420925 0
0.000000 4
-0.426560 4
0.000000 4
-0.200000 7
0.000000 4
-0.420925 0
0.000000 4
-0.393280 4
0.000000 4
-0.440000 4
0.000000 4
-0.426560 4
0.000000 4
-0.360000 4
0.000000 4
-0.440000 4
0.000000 4
-0.153280 4
0.000000 4
0.120000 4
0.000000 4
-0.388000 5
0.000000 4
-0.360000 5
0.000000 4
-0.400000 8
0.000000 4
-0.200000 4
0.000000 4
-0.360000 5
0.000000 4
-0.400000 8
0.000000 4
-0.360000 5
0.000000 4
-0.400000 8
0.000000 4
-0.400000 8
0.000000 4
-0.360000 5
0.000000 4
-0.400000 8
0.000000 4
-0.360000 5
0.000000 4
-0.400000 8
0.000000 4
-0.400000 8
0.000000 4
-0.360000 5
0.000000 4
-0.312000 5
0.000000 4
-0.104000 5
0.000000 4
-0.190000 0
0.000000 4
-0.000000 9
0.000000 4
-0.190000 0
0.000000 4
-0.280000 0
0.000000 4
-0.200000 7
0.000000 4
-0.235000 0
0.000000 4
-0.200000 7
0.000000 4
-0.283200 5
0.000000 4
-0.280000 0
0.000000 4
-0.200000 7
0.000000 4
-0.280000 0
0.000000 4
-0.227440 0
0.000000 4
-0.000000 9
0.000000 4
-0.000000 9
0.000000 4
-0.283200 5
0.000000 4
0.008000 0
0.000000 4
0.120000 7
0.000000 4
0.050000 9
0.000000 4
-0.104000 7
0.000000 4
-0.104000 7
0.000000 4
-0.193600 0
0.000000 4
-0.104000 7
0.000000 4
-0.193599 0
0.000000 4
-0.193600 0
0.000000 4
-0.104000 7
0.000000 4
-0.193600 0
0.000000 4
-0.104000 7
0.000000 4
0.120000 6
0.000000 4
0.050000 9
0.000000 4
0.400000 9
0.000000 4
-0.193600 0
0.000000 4
-0.283200 4
0.000000 4
-0.354880 0
0.000000 4
-0.193600 4
0.000000 4
-0.160000 4
0.000000 4
-0.301118 0
0.000000 4
-0.283200 4
0.000000 4
-0.200000 4
0.000000 4
-0.280000 0
0.000000 4
-0.223464 4
0.000000 4
-0.301118 0
0.000000 4
-0.283200 4
0.000000 4
-0.200000 7
0.000000 4
-0.301118 0
0.000000 4
-0.193600 4
0.000000 4
-0.160000 4
0.000000 4
0.120000 4
0.000000 4
-0.283200 5
0.000000 4
-0.317440 5
0.000000 4
-0.200000 5
0.000000 4
-0.258720 5
0.000000 4
-0.336160 5
0.000000 4
-0.283200 5
0.000000 4
-0.354880 0
0.000000 4
-0.200000 4
0.000000 4
-0.283200 5
0.000000 4
-0.354880 0
0.000000 4
-0.283200 5
0.000000 4
-0.354880 0
0.000000 4
-0.336160 5
0.000000 4
-0.283200 5
0.000000 4
-0.354880 0
0.000000 4
-0.200000 5
0.000000 4
-0.143200 5
0.000000 4
-0.000000 9
0.000000 4
-0.000000 9
0.000000 4
-0.104000 5
0.000000 4
-0.104000 5
0.000000 4
-0.146800 0
0.000000 4
-0.000000 9
0.000000 4
-0.146800 0
0.000000 4
-0.193600 0
0.000000 4
-0.104000 5
0.000000 4
-0.146800 0
0.000000 4
-0.104000 5
0.000000 4
-0.104000 5
0.000000 4
-0.146800 0
0.000000 4
-0.000000 9
0.000000 4
-0.146800 0
0.000000 4
0.120000 7
0.000000 4
0.134000 0
0.000000 4
0.400000 9
0.000000 4
0.008000 0
0.000000 4
0.008000 0
0.000000 4
0.120000 7
0.000000 4
0.008000 0
0.000000 4
0.120000 7
0.000000 4
-0.092800 0
0.000000 4
0.008000 0
0.000000 4
0.120000 7
0.000000 4
0.007999 0
0.000000 4
0.008000 0
0.000000 4
0.120000 6
0.000000 4
0.050000 9
0.000000 4
0.120000 7
0.000000 4
-0.193600 4
0.000000 4
-0.104000 4
0.000000 4
-0.193600 0
0.000000 4
0.008000 4
0.000000 4
-0.274240 0
0.000000 4
-0.193600 4
0.000000 4
-0.104000 4
0.000000 4
-0.193600 0
0.000000 4
-0.193600 4
0.000000 4
-0.189120 4
0.000000 4
-0.200000 4
0.000000 4
-0.104000 4
0.000000 4
-0.189120 4
0.000000 4
-0.193600 4
0.000000 4
-0.104000 4
0.000000 4
-0.193600 0
0.000000 4
-0.365553 5
0.000000 4
-0.200000 5
0.000000 4
-0.200000 5
0.000000 4
-0.104000 5
0.000000 4
-0.354880 4
0.000000 4
-0.351296 4
0.000000 4
-0.200000 5
0.000000 4
-0.276000 5
0.000000 4
-0.388000 5
0.000000 4
-0.354880 4
0.000000 4
-0.317248 4
0.000000 4
-0.200000 4
0.000000 4
-0.354880 4
0.000000 4
-0.399996 8
0.000000 4
-0.354880 4
0.000000 4
-0.283200 4
0.000000 4
-0.000000 9
0.000000 4
-0.000000 9
0.000000 4
0.120000 5
0.000000 4
0.008000 0
0.000000 4
-0.206941 0
0.000000 4
-0.000000 9
0.000000 4
-0.000000 9
0.000000 4
0.120000 5
0.000000 4
-0.237647 5
0.000000 4
-0.190000 0
0.000000 4
-0.000000 9
0.000000 4
-0.190000 0
0.000000 4
-0.280000 0
0.000000 4
-0.200000 6
0.000000 4
-0.219999 0
0.000000 4
-0.200000 6
0.000000 4
0.058824 0
0.000000 4
0.400000 9
0.000000 4
0.400000 9
0.000000 4
0.134000 0
0.000000 4
-0.047059 0
0.000000 4
0.058824 0
0.000000 4
0.400000 9
0.000000 4
0.260000 0
0.000000 4
-0.142353 0
0.000000 4
-0.047059 0
0.000000 4
0.058824 0
0.000000 4
0.400000 9
0.000000 4
-0.104000 6
0.000000 4
-0.142353 0
0.000000 4
-0.047059 0
0.000000 4
0.058824 0
0.210600 5
-0.470976 7
0.234000 5
-0.488000 5
0.400000 9
-0.483904 7
0.108000 5
-0.200000 7
0.108000 5
-0.488000 5
0.120000 3
-0.531600 8
0.108000 5
-0.488000 5
0.120000 3
-0.496000 5
0.097200 5
-0.533880 5
0.108000 5
-0.488000 5
0.120000 3
-0.517600 5
0.107999 5
-0.488000 5
0.108000 5
-0.536740 7
0.120000 2
-0.514624 7
0.108000 5
-0.488000 5
0.120000 3
-0.431936 7
0.210600 4
-0.360000 5
0.234000 4
-0.378230 8
0.400000 9
-0.360000 5
0.108000 4
-0.300000 8
0.108000 4
-0.417350 8
0.120000 3
-0.360000 5
0.108000 4
-0.370000 8
0.120000 3
-0.360000 5
0.097200 4
-0.446000 8
0.108000 4
-0.424000 5
0.120000 3
-0.360000 5
0.107999 4
-0.424000 5
0.108000 4
-0.400000 9
0.120000 2
-0.400000 9
0.108000 4
-0.400000 9
0.120000 3
-0.481600 5
0.210600 4
-0.280000 0
0.234000 4
-0.200000 7
0.400000 9
-0.279998 0
0.108000 4
-0.200000 7
0.108000 4
-0.352000 0
0.120000 3
-0.280000 0
0.108000 4
-0.200000 7
0.120000 3
-0.280000 0
0.097200 4
-0.416800 0
0.108000 4
-0.352000 0
0.120000 3
-0.280000 0
0.107999 4
-0.352000 0
0.108000 4
-0.000000 9
0.120000 2
-0.000000 9
0.108000 4
-0.000000 9
0.120000 3
-0.416800 0
0.210600 4
-0.104000 7
0.234000 4
-0.160000 7
0.400000 9
-0.283200 7
0.108000 4
-0.280000 5
0.108000 4
-0.300000 9
0.120000 3
-0.283200 7
0.108000 4
-0.354880 0
0.120000 3
-0.283200 7
0.097200 4
-0.200000 5
0.108000 4
-0.300000 9
0.120000 3
-0.283200 7
0.107999 4
-0.354880 0
0.108000 4
0.050000 9
0.120000 2
0.400000 9
0.108000 4
0.400000 9
0.120000 3
-0.283200 7
0.210600 4
-0.420925 0
0.234000 4
-0.354880 4
0.400000 9
-0.200000 4
0.108000 4
-0.280000 0
0.108000 4
-0.356583 4
0.120000 3
-0.420925 0
0.108000 4
-0.426560 4
0.120000 3
-0.200000 7
0.097200 4
-0.420925 0
0.108000 4
-0.393280 4
0.120000 3
-0.440000 4
0.107999 4
-0.426560 4
0.108000 4
-0.360000 4
0.120000 2
-0.440000 4
0.108000 4
-0.153280 4
0.120000 3
0.120000 4
0.210600 4
-0.388000 5
0.234000 4
-0.360000 5
0.400000 9
-0.414500 8
0.108000 4
-0.200000 4
0.108000 4
-0.360000 5
0.120000 3
-0.422000 5
0.108000 4
-0.360000 5
0.120000 3
-0.424000 0
0.097200 4
-0.424000 5
0.108000 4
-0.360000 5
0.120000 3
-0.424000 0
0.107999 4
-0.360000 5
0.108000 4
-0.400000 9
0.120000 2
-0.400000 9
0.108000 4
-0.360000 5
0.120000 3
-0.312000 5
0.210600 4
-0.104000 5
0.234000 4
-0.190000 0
0.400000 9
-0.000000 9
0.108000 4
-0.190000 0
0.108000 4
-0.280000 0
0.120000 3
-0.200000 7
0.108000 4
-0.235000 0
0.120000 3
-0.200000 7
0.097200 4
-0.283200 5
0.108000 4
-0.280000 0
0.120000 3
-0.200000 7
0.107999 4
-0.280000 0
0.108000 4
-0.227440 0
0.120000 2
-0.000000 9
0.108000 4
-0.000000 9
0.120000 3
-0.283200 5
0.210600 4
0.008000 0
0.234000 4
0.120000 7
0.400000 9
0.050000 9
0.108000 4
-0.104000 7
0.108000 4
-0.104000 7
0.120000 3
-0.193600 0
0.108000 4
-0.104000 7
0.120000 3
-0.193599 0
0.097200 4
-0.193600 0
0.108000 4
-0.104000 7
0.120000 3
-0.193600 0
0.107999 4
-0.104000 7
0.108000 4
0.120000 6
0.120000 2
0.050000 9
0.108000 4
0.400000 9
0.120000 3
-0.193600 0
0.210600 4
-0.283200 4
0.234000 4
-0.354880 0
0.400000 9
-0.193600 4
0.108000 4
-0.160000 4
0.108000 4
-0.301118 0
0.120000 3
-0.283200 4
0.108000 4
-0.200000 4
0.120000 3
-0.280000 0
0.097200 4
-0.223464 4
0.108000 4
-0.301118 0
0.120000 3
-0.283200 4
0.107999 4
-0.200000 7
0.108000 4
-0.301118 0
0.120000 2
-0.193600 4
0.108000 4
-0.160000 4
0.120000 3
0.120000 4
0.210600 4
-0.283200 5
0.234000 4
-0.317440 5
0.400000 9
-0.200000 5
0.108000 4
-0.258720 5
0.108000 4
-0.336160 5
0.120000 3
-0.283200 5
0.108000 4
-0.354880 0
0.120000 3
-0.200000 4
0.097200 4
-0.283200 5
0.108000 4
-0.354880 0
0.120000 3
-0.283200 5
0.107999 4
-0.354880 0
0.108000 4
-0.336160 5
0.120000 2
-0.283200 5
0.108000 4
-0.354880 0
0.120000 3
-0.200000 5
0.210600 4
-0.143200 5
0.234000 4
-0.000000 9
0.400000 9
-0.000000 9
0.108000 4
-0.104000 5
0.108000 4
-0.104000 5
0.120000 3
-0.146800 0
0.108000 4
-0.000000 9
0.120000 3
-0.146800 0
0.097200 4
-0.193600 0
0.108000 4
-0.104000 5
0.120000 3
-0.146800 0
0.107999 4
-0.104000 5
0.108000 4
-0.104000 5
0.120000 2
-0.146800 0
0.108000 4
-0.000000 9
0.120000 3
-0.146800 0
0.210600 4
0.120000 7
0.234000 4
0.134000 0
0.400000 9
0.400000 9
0.108000 4
0.008000 0
0.108000 4
0.008000 0
0.120000 3
0.120000 7
0.108000 4
0.008000 0
0.120000 3
0.120000 7
0.097200 4
-0.092800 0
0.108000 4
0.008000 0
0.120000 3
0.120000 7
0.107999 4
0.007999 0
0.108000 4
0.008000 0
0.120000 2
0.120000 6
0.108000 4
0.050000 9
0.120000 3
0.120000 7
0.210600 4
-0.193600 4
0.234000 4
-0.104000 4
0.400000 9
-0.193600 0
0.108000 4
0.008000 4
0.108000 4
-0.274240 0
0.120000 3
-0.193600 4
0.108000 4
-0.104000 4
0.120000 3
-0.193600 0
0.097200 4
-0.193600 4
0.108000 4
-0.189120 4
0.120000 3
-0.200000 4
0.107999 4
-0.104000 4
0.108000 4
-0.189120 4
0.120000 2
-0.193600 4
0.108000 4
-0.104000 4
0.120000 3
-0.193600 0
0.210600 4
-0.365190 5
0.234000 4
-0.200000 5
0.400000 9
-0.200000 5
0.108000 4
-0.104000 5
0.108000 4
-0.354880 4
0.120000 3
-0.351296 4
0.108000 4
-0.200000 5
0.120000 3
-0.276000 5
0.097200 4
-0.388000 5
0.108000 4
-0.354880 4
0.120000 3
-0.317248 4
0.107999 4
-0.200000 4
0.108000 4
-0.354880 4
0.120000 2
-0.419389 0
0.108000 4
-0.354880 4
0.120000 3
-0.283200 4
0.210600 4
-0.000000 9
0.234000 4
-0.000000 9
0.400000 9
0.120000 5
0.108000 4
0.008000 0
0.108000 4
-0.206487 3
0.120000 3
-0.000000 9
0.108000 4
-0.000000 9
0.120000 3
0.120000 5
0.097200 4
-0.237647 5
0.108000 4
-0.190000 0
0.120000 3
-0.000000 9
0.107999 4
-0.190000 0
0.108000 4
-0.280000 0
0.120000 2
-0.200000 6
0.108000 4
-0.219999 0
0.120000 3
-0.200000 6
0.210600 4
0.058824 0
0.234000 4
0.400000 9
0.400000 9
0.400000 9
0.108000 4
0.134000 0
0.108000 4
-0.047059 0
0.120000 3
0.058824 0
0.108000 4
0.400000 9
0.120000 3
0.260000 0
0.097200 4
-0.142353 0
0.108000 4
-0.047059 0
0.120000 3
0.058824 0
0.107999 4
0.400000 9
0.108000 4
-0.104000 6
0.120000 2
-0.142353 0
0.108000 4
-0.047059 0
0.120000 3
0.058824 0
0.000000 5
-0.470976 7
0.000000 5
-0.488000 5
0.000000 5
-0.483904 7
0.008000 0
-0.200000 7
0.000000 5
-0.488000 5
0.000000 5
-0.539200 0
0.000000 5
-0.488000 5
0.000000 5
-0.539200 0
0.000000 5
-0.539200 0
0.000000 5
-0.488000 5
0.000000 5
-0.527936 7
0.000000 5
-0.488000 5
0.000000 5
-0.536740 7
0.000000 5
-0.514624 7
0.000000 5
-0.488000 5
0.000000 5
-0.431936 7
0.000000 4
-0.360000 5
0.000000 4
-0.423997 0
0.000000 4
-0.360000 5
0.008000 0
-0.424000 0
0.000000 4
-0.424000 5
0.000000 4
-0.360000 5
0.000000 4
-0.424000 0
0.000000 4
-0.360000 5
0.000000 4
-0.475615 0
0.000000 4
-0.424000 5
0.000000 4
-0.360000 5
0.000000 4
-0.424000 5
0.000000 4
-0.400000 9
0.000000 4
-0.400000 9
0.000000 4
-0.400000 9
0.000000 4
-0.481600 5
0.000000 4
-0.280000 0
0.000000 4
-0.200000 7
0.000000 4
-0.279998 0
0.008000 0
-0.200000 7
0.000000 4
-0.352000 0
0.000000 4
-0.280000 0
0.000000 4
-0.200000 7
0.000000 4
-0.280000 0
0.000000 4
-0.416800 0
0.000000 4
-0.352000 0
0.000000 4
-0.280000 0
0.000000 4
-0.352000 0
0.000000 4
-0.000000 9
0.000000 4
-0.000000 9
0.000000 4
-0.000000 9
0.000000 4
-0.416800 0
0.000000 4
-0.104000 7
0.000000 4
-0.160000 7
0.000000 4
-0.283200 7
0.008000 0
-0.280000 5
0.000000 4
-0.300000 9
0.000000 4
-0.283200 7
0.000000 4
-0.354880 0
0.000000 4
-0.283200 7
0.000000 4
-0.200000 5
0.000000 4
-0.300000 9
0.000000 4
-0.283200 7
0.000000 4
-0.354880 0
0.000000 4
0.050000 9
0.000000 4
0.400000 9
0.000000 4
0.400000 9
0.000000 4
-0.283200 7
0.000000 4
-0.420925 0
0.000000 4
-0.354880 4
0.000000 4
-0.200000 4
0.008000 0
-0.280000 0
0.000000 4
-0.356583 4
0.000000 4
-0.420925 0
0.000000 4
-0.426560 4
0.000000 4
-0.200000 7
0.000000 4
-0.420925 0
0.000000 4
-0.393280 4
0.000000 4
-0.440000 4
0.000000 4
-0.426560 4
0.000000 4
-0.360000 4
0.000000 4
-0.440000 4
0.000000 4
-0.153280 4
0.000000 4
0.120000 4
0.000000 4
-0.388000 5
0.000000 4
-0.360000 5
0.000000 4
-0.424000 0
0.008000 0
-0.200000 4
0.000000 4
-0.360000 5
0.000000 4
-0.422000 5
0.000000 4
-0.360000 5
0.000000 4
-0.424000 0
0.000000 4
-0.424000 5
0.000000 4
-0.360000 5
0.000000 4
-0.424000 0
0.000000 4
-0.360000 5
0.000000 4
-0.400000 9
0.000000 4
-0.400000 9
0.000000 4
-0.360000 5
0.000000 4
-0.312000 5
0.000000 4
-0.104000 5
0.000000 4
-0.190000 0
0.000000 4
-0.000000 9
0.008000 0
-0.190000 0
0.000000 4
-0.280000 0
0.000000 4
-0.200000 7
0.000000 4
-0.235000 0
0.000000 4
-0.200000 7
0.000000 4
-0.283200 5
0.000000 4
-0.280000 0
0.000000 4
-0.200000 7
0.000000 4
-0.280000 0
0.000000 4
-0.227440 0
0.000000 4
-0.000000 9
0.000000 4
-0.000000 9
0.000000 4
-0.283200 5
0.000000 4
0.008000 0
0.000000 4
0.120000 7
0.000000 4
0.050000 9
0.008000 0
-0.104000 7
0.000000 4
-0.104000 7
0.000000 4
-0.193600 0
0.000000 4
-0.104000 7
0.000000 4
-0.193599 0
0.000000 4
-0.193600 0
0.000000 4
-0.104000 7
0.000000 4
-0.193600 0
0.000000 4
-0.104000 7
0.000000 4
0.120000 6
0.000000 4
0.050000 9
0.000000 4
0.400000 9
0.000000 4
-0.193600 0
0.000000 4
-0.283200 4
0.000000 4
-0.354880 0
0.000000 4
-0.193600 4
0.008000 0
-0.160000 4
0.000000 4
-0.301118 0
0.000000 4
-0.283200 4
0.000000 4
-0.200000 4
0.000000 4
-0.280000 0
0.000000 4
-0.223464 4
0.000000 4
-0.301118 0
0.000000 4
-0.283200 4
0.000000 4
-0.200000 7
0.000000 4
-0.301118 0
0.000000 4
-0.193600 4
0.000000 4
-0.160000 4
0.000000 4
0.120000 4
0.000000 4
-0.283200 5
0.000000 4
-0.317440 5
0.000000 4
-0.200000 5
0.008000 0
-0.258720 5
0.000000 4
-0.336160 5
0.000000 4
-0.283200 5
0.000000 4
-0.354880 0
0.000000 4
-0.200000 4
0.000000 4
-0.283200 5
0.000000 4
-0.354880 0
0.000000 4
-0.283200 5
0.000000 4
-0.354880 0
0.000000 4
-0.336160 5
0.000000 4
-0.283200 5
0.000000 4
-0.354880 0
0.000000 4
-0.200000 5
0.000000 4
-0.143200 5
0.000000 4
-0.000000 9
0.000000 4
-0.000000 9
0.008000 0
-0.104000 5
0.000000 4
-0.104000 5
0.000000 4
-0.146800 0
0.000000 4
-0.000000 9
0.000000 4
-0.146800 0
0.000000 4
-0.193600 0
0.000000 4
-0.104000 5
0.000000 4
-0.146800 0
0.000000 4
-0.104000 5
0.000000 4
-0.104000 5
0.000000 4
-0.146800 0
0.000000 4
-0.000000 9
0.000000 4
-0.146800 0
0.000000 4
0.120000 7
0.000000 4
0.134000 0
0.000000 4
0.400000 9
0.008000 0
0.008000 0
0.000000 4
0.008000 0
0.000000 4
0.120000 7
0.000000 4
0.008000 0
0.000000 4
0.120000 7
0.000000 4
-0.092800 0
0.000000 4
0.008000 0
0.000000 4
0.120000 7
0.000000 4
0.007999 0
0.000000 4
0.008000 0
0.000000 4
0.120000 6
0.000000 4
0.050000 9
0.000000 4
0.120000 7
0.000000 4
-0.193600 4
0.000000 4
-0.104000 4
0.000000 4
-0.193600 0
0.008000 0
0.008000 4
0.000000 4
-0.274240 0
0.000000 4
-0.193600 4
0.000000 4
-0.104000 4
0.000000 4
-0.193600 0
0.000000 4
-0.193600 4
0.000000 4
-0.189120 4
0.000000 4
-0.200000 4
0.000000 4
-0.104000 4
0.000000 4
-0.189120 4
0.000000 4
-0.193600 4
0.000000 4
-0.104000 4
0.000000 4
-0.193600 0
0.000000 4
-0.365553 5
0.000000 4
-0.200000 5
0.000000 4
-0.200000 5
0.008000 0
-0.104000 5
0.000000 4
-0.354880 4
0.000000 4
-0.351296 4
0.000000 4
-0.200000 5
0.000000 4
-0.276000 5
0.000000 4
-0.388000 5
0.000000 4
-0.354880 4
0.000000 4
-0.317248 4
0.000000 4
-0.200000 4
0.000000 4
-0.354880 4
0.000000 4
-0.419389 0
0.000000 4
-0.354880 4
0.000000 4
-0.283200 4
0.000000 4
-0.000000 9
0.000000 4
-0.000000 9
0.000000 4
0.120000 5
0.008000 0
0.008000 0
0.000000 4
-0.206941 0
0.000000 4
-0.000000 9
0.000000 4
-0.000000 9
0.000000 4
0.120000 5
0.000000 4
-0.237647 5
0.000000 4
-0.190000 0
0.000000 4
-0.000000 9
0.000000 4
-0.190000 0
0.000000 4
-0.280000 0
0.000000 4
-0.200000 6
0.000000 4
-0.219999 0
0.000000 4
-0.200000 6
0.000000 4
0.058824 0
0.000000 4
0.400000 9
0.000000 4
0.400000 9
0.008000 0
0.134000 0
0.000000 4
-0.047059 0
0.000000 4
0.058824 0
0.000000 4
0.400000 9
0.000000 4
0.260000 0
0.000000 4
-0.142353 0
0.000000 4
-0.047059 0
0.000000 4
0.058824 0
0.000000 4
0.400000 9
0.000000 4
-0.104000 6
0.000000 4
-0.142353 0
0.000000 4
-0.047059 0
0.000000 4
0.058824 0
0.000000 5
-0.470976 7
0.000000 5
-0.488000 5
0.000000 5
-0.483904 7
0.000000 5
-0.200000 7
0.000000 5
-0.488000 5
0.000000 5
-0.514000 2
0.000000 5
-0.488000 5
0.000000 5
-0.514000 2
0.000000 5
-0.514000 2
0.000000 5
-0.488000 5
0.000000 5
-0.514000 2
0.000000 5
-0.488000 5
0.000000 5
-0.536740 7
0.000000 5
-0.514000 2
0.000000 5
-0.488000 5
0.000000 5
-0.431936 7
0.000000 4
-0.360000 5
0.000000 4
-0.423997 0
0.000000 4
-0.360000 5
0.000000 4
-0.424000 0
0.000000 4
-0.424000 5
0.000000 4
-0.360000 5
0.000000 4
-0.424000 0
0.000000 4
-0.360000 5
0.000000 4
-0.481600 5
0.000000 4
-0.424000 5
0.000000 4
-0.360000 5
0.000000 4
-0.424000 5
0.000000 4
-0.400000 9
0.000000 4
-0.400000 9
0.000000 4
-0.400000 9
0.000000 4
-0.481600 5
0.000000 4
-0.280000 0
0.000000 4
-0.200000 7
0.000000 4
-0.279998 0
0.000000 4
-0.200000 7
0.000000 4
-0.352000 0
0.000000 4
-0.280000 0
0.000000 4
-0.200000 7
0.000000 4
-0.280000 0
0.000000 4
-0.416800 0
0.000000 4
-0.352000 0
0.000000 4
-0.280000 0
0.000000 4
-0.352000 0
0.000000 4
-0.000000 9
0.000000 4
-0.000000 9
0.000000 4
-0.000000 9
0.000000 4
-0.416800 0
0.000000 4
-0.104000 7
0.000000 4
-0.160000 7
0.000000 4
-0.283200 7
0.000000 4
-0.280000 5
0.000000 4
-0.300000 9
0.000000 4
-0.283200 7
0.000000 4
-0.354880 0
0.000000 4
-0.283200 7
0.000000 4
-0.200000 5
0.000000 4
-0.300000 9
0.000000 4
-0.283200 7
0.000000 4
-0.354880 0
0.000000 4
0.050000 9
0.000000 4
0.400000 9
0.000000 4
0.400000 9
0.000000 4
-0.283200 7
0.000000 4
-0.420925 0
0.000000 4
-0.354880 4
0.000000 4
-0.200000 4
0.000000 4
-0.280000 0
0.000000 4
-0.356583 4
0.000000 4
-0.420925 0
0.000000 4
-0.426560 4
0.000000 4
-0.200000 7
0.000000 4
-0.420925 0
0.000000 4
-0.393280 4
0.000000 4
-0.440000 4
0.000000 4
-0.426560 4
0.000000 4
-0.360000 4
0.000000 4
-0.440000 4
0.000000 4
-0.153280 4
0.000000 4
0.120000 4
0.000000 4
-0.388000 5
0.000000 4
-0.360000 5
0.000000 4
-0.424000 0
0.000000 4
-0.200000 4
0.000000 4
-0.360000 5
0.000000 4
-0.422000 5
0.000000 4
-0.360000 5
0.000000 4
-0.424000 0
0.000000 4
-0.424000 5
0.000000 4
-0.360000 5
0.000000 4
-0.424000 0
0.000000 4
-0.360000 5
0.000000 4
-0.400000 9
0.000000 4
-0.400000 9
0.000000 4
-0.360000 5
0.000000 4
-0.312000 5
0.000000 4
-0.104000 5
0.000000 4
-0.190000 0
0.000000 4
-0.000000 9
0.000000 4
-0.190000 0
0.000000 4
-0.280000 0
0.000000 4
-0.200000 7
0.000000 4
-0.235000 0
0.000000 4
-0.200000 7
0.000000 4
-0.283200 5
0.000000 4
-0.280000 0
0.000000 4
-0.200000 7
0.000000 4
-0.280000 0
0.000000 4
-0.227440 0
0.000000 4
-0.000000 9
0.000000 4
-0.000000 9
0.000000 4
-0.283200 5
0.000000 4
0.008000 0
0.000000 4
0.120000 7
0.000000 4
0.050000 9
0.000000 4
-0.104000 7
0.000000 4
-0.104000 7
0.000000 4
-0.193600 0
0.000000 4
-0.104000 7
0.000000 4
-0.193599 0
0.000000 4
-0.193600 0
0.000000 4
-0.104000 7
0.000000 4
-0.193600 0
0.000000 4
-0.104000 7
0.000000 4
0.120000 6
0.000000 4
0.050000 9
0.000000 4
0.400000 9
0.000000 4
-0.193600 0
0.000000 4
-0.283200 4
0.000000 4
-0.354880 0
0.000000 4
-0.193600 4
0.000000 4
-0.160000 4
0.000000 4
-0.301118 0
0.000000 4
-0.283200 4
0.000000 4
-0.200000 4
0.000000 4
-0.280000 0
0.000000 4
-0.223464 4
0.000000 4
-0.301118 0
0.000000 4
-0.283200 4
0.000000 4
-0.200000 7
0.000000 4
-0.301118 0
0.000000 4
-0.193600 4
0.000000 4
-0.160000 4
0.000000 4
0.120000 4
0.000000 4
-0.283200 5
0.000000 4
-0.317440 5
0.000000 4
-0.200000 5
0.000000 4
-0.258720 5
0.000000 4
-0.336160 5
0.000000 4
-0.283200 5
0.000000 4
-0.354880 0
0.000000 4
-0.200000 4
0.000000 4
-0.283200 5
0.000000 4
-0.354880 0
0.000000 4
-0.283200 5
0.000000 4
-0.354880 0
0.000000 4
-0.336160 5
0.000000 4
-0.283200 5
0.000000 4
-0.354880 0
0.000000 4
-0.200000 5
0.000000 4
-0.143200 5
0.000000 4
-0.000000 9
0.000000 4
-0.000000 9
0.000000 4
-0.104000 5
0.000000 4
-0.104000 5
0.000000 4
-0.146800 0
0.000000 4
-0.000000 9
0.000000 4
-0.146800 0
0.000000 4
-0.193600 0
0.000000 4
-0.104000 5
0.000000 4
-0.146800 0
0.000000 4
-0.104000 5
0.000000 4
-0.104000 5
0.000000 4
-0.146800 0
0.000000 4
-0.000000 9
0.000000 4
-0.146800 0
0.000000 4
0.120000 7
0.000000 4
0.134000 0
0.000000 4
0.400000 9
0.000000 4
0.008000 0
0.000000 4
0.008000 0
0.000000 4
0.120000 7
0.000000 4
0.008000 0
0.000000 4
0.120000 7
0.000000 4
-0.092800 0
0.000000 4
0.008000 0
0.000000 4
0.120000 7
0.000000 4
0.007999 0
0.000000 4
0.008000 0
0.000000 4
0.120000 6
0.000000 4
0.050000 9
0.000000 4
0.120000 7
0.000000 4
-0.193600 4
0.000000 4
-0.104000 4
0.000000 4
-0.193600 0
0.000000 4
0.008000 4
0.000000 4
-0.274240 0
0.000000 4
-0.193600 4
0.000000 4
-0.104000 4
0.000000 4
-0.193600 0
0.000000 4
-0.193600 4
0.000000 4
-0.189120 4
0.000000 4
-0.200000 4
0.000000 4
-0.104000 4
0.000000 4
-0.189120 4
0.000000 4
-0.193600 4
0.000000 4
-0.104000 4
0.000000 4
-0.193600 0
0.000000 4
-0.365553 5
0.000000 4
-0.200000 5
0.000000 4
-0.200000 5
0.000000 4
-0.104000 5
0.000000 4
-0.354880 4
0.000000 4
-0.351296 4
0.000000 4
-0.200000 5
0.000000 4
-0.276000 5
0.000000 4
-0.388000 5
0.000000 4
-0.354880 4
0.000000 4
-0.317248 4
0.000000 4
-0.200000 4
0.000000 4
-0.354880 4
0.000000 4
-0.419389 0
0.000000 4
-0.354880 4
0.000000 4
-0.283200 4
0.000000 4
-0.000000 9
0.000000 4
-0.000000 9
0.000000 4
0.120000 5
0.000000 4
0.008000 0
0.000000 4
-0.206941 0
0.000000 4
-0.000000 9
0.000000 4
-0.000000 9
0.000000 4
0.120000 5
0.000000 4
-0.237647 5
0.000000 4
-0.190000 0
0.000000 4
-0.000000 9
0.000000 4
-0.190000 0
0.000000 4
-0.280000 0
0.000000 4
-0.200000 6
0.000000 4
-0.219999 0
0.000000 4
-0.200000 6
0.000000 4
0.058824 0
0.000000 4
0.400000 9
0.000000 4
0.400000 9
0.000000 4
0.134000 0
0.000000 4
-0.047059 0
0.000000 4
0.058824 0
0.000000 4
0.400000 9
0.000000 4
0.260000 0
0.000000 4
-0.142353 0
0.000000 4
-0.047059 0
0.000000 4
0.058824 0
0.000000 4
0.400000 9
0.000000 4
-0.104000 6
0.000000 4
-0.142353 0
0.000000 4
-0.047059 0
0.000000 4
0.058824 0
0.017815 1
-0.470976 7
0.042017 1
-0.488000 5
0.120000 1
-0.483904 7
0.108000 5
-0.200000 7
0.019025 1
-0.488000 5
0.017815 1
-0.539200 0
0.042017 1
-0.488000 5
0.120000 1
-0.539200 0
0.017815 1
-0.539200 0
0.019025 1
-0.488000 5
0.017815 1
-0.527936 7
0.016034 5
-0.488000 5
0.016034 5
-0.536740 7
0.017815 1
-0.514624 7
0.016033 5
-0.488000 5
0.017815 1
-0.431936 7
0.017815 1
-0.360000 5
0.042017 1
-0.423997 0
0.120000 1
-0.360000 5
0.108000 4
-0.424000 0
0.019025 1
-0.424000 5
0.017815 1
-0.360000 5
0.042017 1
-0.424000 0
0.120000 1
-0.360000 5
0.017815 1
-0.481600 5
0.019025 1
-0.424000 5
0.017815 1
-0.360000 5
0.016034 4
-0.424000 5
0.016034 4
-0.400000 9
0.017815 1
-0.400000 9
0.016033 4
-0.400000 9
0.017815 1
-0.481600 5
0.017815 1
-0.280000 0
0.042017 1
-0.200000 7
0.120000 1
-0.279998 0
0.108000 4
-0.200000 7
0.019025 1
-0.352000 0
0.017815 1
-0.280000 0
0.042017 1
-0.200000 7
0.120000 1
-0.280000 0
0.017815 1
-0.416800 0
0.019025 1
-0.352000 0
0.017815 1
-0.280000 0
0.016034 4
-0.352000 0
0.016034 4
-0.000000 9
0.017815 1
-0.000000 9
0.016033 4
-0.000000 9
0.017815 1
-0.416800 0
0.017815 1
-0.104000 7
0.042017 1
-0.160000 7
0.120000 1
-0.283200 7
0.108000 4
-0.280000 5
0.019025 1
-0.300000 9
0.017815 1
-0.283200 7
0.042017 1
-0.354880 0
0.120000 1
-0.283200 7
0.017815 1
-0.200000 5
0.019025 1
-0.300000 9
0.017815 1
-0.283200 7
0.016034 4
-0.354880 0
0.016034 4
0.050000 9
0.017815 1
0.400000 9
0.016033 4
0.400000 9
0.017815 1
-0.283200 7
0.017815 1
-0.420925 0
0.042017 1
-0.354880 4
0.120000 1
-0.200000 4
0.108000 4
-0.280000 0
0.019025 1
-0.356583 4
0.017815 1
-0.420925 0
0.042017 1
-0.426560 4
0.120000 1
-0.200000 7
0.017815 1
-0.420925 0
0.019025 1
-0.393280 4
0.017815 1
-0.440000 4
0.016034 4
-0.426560 4
0.016034 4
-0.360000 4
0.017815 1
-0.440000 4
0.016033 4
-0.153280 4
0.017815 1
0.120000 4
0.017815 1
-0.388000 5
0.042017 1
-0.360000 5
0.120000 1
-0.424000 0
0.108000 4
-0.200000 4
0.019025 1
-0.360000 5
0.017815 1
-0.422000 5
0.042017 1
-0.360000 5
0.120000 1
-0.424000 0
0.017815 1
-0.424000 5
0.019025 1
-0.360000 5
0.017815 1
-0.424000 0
0.016034 4
-0.360000 5
0.016034 4
-0.400000 9
0.017815 1
-0.400000 9
0.016033 4
-0.360000 5
0.017815 1
-0.312000 5
0.017815 1
-0.104000 5
0.042017 1
-0.190000 0
0.120000 1
-0.000000 9
0.108000 4
-0.190000 0
0.019025 1
-0.280000 0
0.017815 1
-0.200000 7
0.042017 1
-0.235000 0
0.120000 1
-0.200000 7
0.017815 1
-0.283200 5
0.019025 1
-0.280000 0
0.017815 1
-0.200000 7
0.016034 4
-0.280000 0
0.016034 4
-0.227440 0
0.017815 1
-0.000000 9
0.016033 4
-0.000000 9
0.017815 1
-0.283200 5
0.017815 1
0.008000 0
0.042017 1
0.120000 7
0.120000 1
0.050000 9
0.108000 4
-0.104000 7
0.019025 1
-0.104000 7
0.017815 1
-0.193600 0
0.042017 1
-0.104000 7
0.120000 1
-0.193599 0
0.017815 1
-0.193600 0
0.019025 1
-0.104000 7
0.017815 1
-0.193600 0
0.016034 4
-0.104000 7
0.016034 4
0.120000 6
0.017815 1
0.050000 9
0.016033 4
0.400000 9
0.017815 1
-0.193600 0
0.017815 1
-0.283200 4
0.042017 1
-0.354880 0
0.120000 1
-0.193600 4
0.108000 4
-0.160000 4
0.019025 1
-0.301118 0
0.017815 1
-0.283200 4
0.042017 1
-0.200000 4
0.120000 1
-0.280000 0
0.017815 1
-0.223464 4
0.019025 1
-0.301118 0
0.017815 1
-0.283200 4
0.016034 4
-0.200000 7
0.016034 4
-0.301118 0
0.017815 1
-0.193600 4
0.016033 4
-0.160000 4
0.017815 1
0.120000 4
0.017815 1
-0.283200 5
0.042017 1
-0.317440 5
0.120000 1
-0.200000 5
0.108000 4
-0.258720 5
0.019025 1
-0.336160 5
0.017815 1
-0.283200 5
0.042017 1
-0.354880 0
0.120000 1
-0.200000 4
0.017815 1
-0.283200 5
0.019025 1
-0.354880 0
0.017815 1
-0.283200 5
0.016034 4
-0.354880 0
0.016034 4
-0.336160 5
0.017815 1
-0.283200 5
0.016033 4
-0.354880 0
0.017815 1
-0.200000 5
0.017815 1
-0.143200 5
0.042017 1
-0.000000 9
0.120000 1
-0.000000 9
0.108000 4
-0.104000 5
0.019025 1
-0.104000 5
0.017815 1
-0.146800 0
0.042017 1
-0.000000 9
0.120000 1
-0.146800 0
0.017815 1
-0.193600 0
0.019025 1
-0.104000 5
0.017815 1
-0.146800 0
0.016034 4
-0.104000 5
0.016034 4
-0.104000 5
0.017815 1
-0.146800 0
0.016033 4
-0.000000 9
0.017815 1
-0.146800 0
0.017815 1
0.120000 7
0.042017 1
0.134000 0
0.120000 1
0.400000 9
0.108000 4
0.008000 0
0.019025 1
0.008000 0
0.017815 1
0.120000 7
0.042017 1
0.008000 0
0.120000 1
0.120000 7
0.017815 1
-0.092800 0
0.019025 1
0.008000 0
0.017815 1
0.120000 7
0.016034 4
0.007999 0
0.016034 4
0.008000 0
0.017815 1
0.120000 6
0.016033 4
0.050000 9
0.017815 1
0.120000 7
0.017815 1
-0.193600 4
0.042017 1
-0.104000 4
0.120000 1
-0.193600 0
0.108000 4
0.008000 4
0.019025 1
-0.274240 0
0.017815 1
-0.193600 4
0.042017 1
-0.104000 4
0.120000 1
-0.193600 0
0.017815 1
-0.193600 4
0.019025 1
-0.189120 4
0.017815 1
-0.200000 4
0.016034 4
-0.104000 4
0.016034 4
-0.189120 4
0.017815 1
-0.193600 4
0.016033 4
-0.104000 4
0.017815 1
-0.193600 0
0.017815 1
-0.365190 5
0.042017 1
-0.200000 5
0.120000 1
-0.200000 5
0.108000 4
-0.104000 5
0.019025 1
-0.354880 4
0.017815 1
-0.351296 4
0.042017 1
-0.200000 5
0.120000 1
-0.276000 5
0.017815 1
-0.388000 5
0.019025 1
-0.354880 4
0.017815 1
-0.317248 4
0.016034 4
-0.200000 4
0.016034 4
-0.354880 4
0.017815 1
-0.419389 0
0.016033 4
-0.354880 4
0.017815 1
-0.283200 4
0.017815 1
-0.000000 9
0.042017 1
-0.000000 9
0.120000 1
0.120000 5
0.108000 4
0.008000 0
0.019025 1
-0.206487 1
0.017815 1
-0.000000 9
0.042017 1
-0.000000 9
0.120000 1
0.120000 5
0.017815 1
-0.237647 5
0.019025 1
-0.190000 0
0.017815 1
-0.000000 9
0.016034 4
-0.190000 0
0.016034 4
-0.280000 0
0.017815 1
-0.200000 6
0.016033 4
-0.219999 0
0.017815 1
-0.200000 6
0.017815 1
0.058824 0
0.042017 1
0.400000 9
0.120000 1
0.400000 9
0.108000 4
0.134000 0
0.019025 1
-0.047059 0
0.017815 1
0.058824 0
0.042017 1
0.400000 9
0.120000 1
0.260000 0
0.017815 1
-0.142353 0
0.019025 1
-0.047059 0
0.017815 1
0.058824 0
0.016034 4
0.400000 9
0.016034 4
-0.104000 6
0.017815 1
-0.142353 0
0.016033 4
-0.047059 0
0.017815 1
0.058824 0
0.302521 5
-0.465546 8
0.400000 9
-0.488000 5
0.400000 9
-0.440000 8
0.324000 5
-0.200000 7
0.272269 5
-0.488000 5
0.302521 5
-0.465546 8
0.400000 9
-0.488000 5
0.360000 5
-0.440000 8
0.245042 5
-0.491092 8
0.272269 5
-0.488000 5
0.302521 5
-0.465546 8
0.400000 9
-0.488000 5
0.220538 5
-0.501983 8
0.245042 5
-0.491092 8
0.272269 5
-0.488000 5
0.302521 5
-0.431936 7
0.302521 4
-0.360000 5
0.400000 9
-0.423997 0
0.400000 9
-0.360000 5
0.324000 4
-0.424000 0
0.272269 4
-0.424000 5
0.302521 4
-0.360000 5
0.400000 9
-0.424000 0
0.360000 4
-0.360000 5
0.245042 4
-0.475615 2
0.272269 4
-0.424000 5
0.302521 4
-0.360000 5
0.400000 9
-0.424000 5
0.220538 4
-0.400000 9
0.245042 4
-0.400000 9
0.272269 4
-0.400000 9
0.302521 4
-0.440000 8
0.302521 4
-0.280000 0
0.400000 9
-0.200000 7
0.400000 9
-0.279998 0
0.324000 4
-0.200000 7
0.272269 4
-0.352000 0
0.302521 4
-0.280000 0
0.400000 9
-0.200000 7
0.360000 4
-0.280000 0
0.245042 4
-0.416800 0
0.272269 4
-0.352000 0
0.302521 4
-0.280000 0
0.400000 9
-0.352000 0
0.220538 4
-0.000000 9
0.245042 4
-0.000000 9
0.272269 4
-0.000000 9
0.302521 4
-0.416800 0
0.302521 4
-0.104000 7
0.400000 9
-0.160000 7
0.400000 9
-0.283200 7
0.324000 4
-0.280000 5
0.272269 4
-0.300000 9
0.302521 4
-0.283200 7
0.400000 9
-0.354880 0
0.360000 4
-0.283200 7
0.245042 4
-0.200000 5
0.272269 4
-0.300000 9
0.302521 4
-0.283200 7
0.400000 9
-0.354880 0
0.220538 4
0.050000 9
0.245042 4
0.400000 9
0.272269 4
0.400000 9
0.302521 4
-0.283200 7
0.302521 4
-0.420925 0
0.400000 9
-0.354880 4
0.400000 9
-0.200000 4
0.324000 4
-0.280000 0
0.272269 4
-0.356583 4
0.302521 4
-0.420925 0
0.400000 9
-0.426560 4
0.360000 4
-0.200000 7
0.245042 4
-0.420925 0
0.272269 4
-0.393280 4
0.302521 4
-0.440000 4
0.400000 9
-0.426560 4
0.220538 4
-0.360000 4
0.245042 4
-0.440000 4
0.272269 4
-0.153280 4
0.302521 4
0.120000 4
0.302521 4
-0.331933 8
0.400000 9
-0.360000 5
0.400000 9
-0.300000 8
0.324000 4
-0.200000 4
0.272269 4
-0.360000 5
0.302521 4
-0.331933 8
0.400000 9
-0.360000 5
0.360000 4
-0.300000 8
0.245042 4
-0.363866 8
0.272269 4
-0.360000 5
0.302521 4
-0.331933 8
0.400000 9
-0.360000 5
0.220538 4
-0.377479 8
0.245042 4
-0.363866 8
0.272269 4
-0.360000 5
0.302521 4
-0.312000 5
0.302521 4
-0.104000 5
0.400000 9
-0.190000 0
0.400000 9
-0.000000 9
0.324000 4
-0.190000 0
0.272269 4
-0.280000 0
0.302521 4
-0.200000 7
0.400000 9
-0.235000 0
0.360000 4
-0.200000 7
0.245042 4
-0.283200 5
0.272269 4
-0.280000 0
0.302521 4
-0.200000 7
0.400000 9
-0.280000 0
0.220538 4
-0.227440 0
0.245042 4
-0.000000 9
0.272269 4
-0.000000 9
0.302521 4
-0.283200 5
0.302521 4
0.008000 0
0.400000 9
0.120000 7
0.400000 9
0.050000 9
0.324000 4
-0.104000 7
0.272269 4
-0.104000 7
0.302521 4
-0.193600 0
0.400000 9
-0.104000 7
0.360000 4
-0.193599 0
0.245042 4
-0.193600 0
0.272269 4
-0.104000 7
0.302521 4
-0.193600 0
0.400000 9
-0.104000 7
0.220538 4
0.120000 6
0.245042 4
0.050000 9
0.272269 4
0.400000 9
0.302521 4
-0.193600 0
0.302521 4
-0.283200 4
0.400000 9
-0.354880 0
0.400000 9
-0.193600 4
0.324000 4
-0.160000 4
0.272269 4
-0.301118 0
0.302521 4
-0.283200 4
0.400000 9
-0.200000 4
0.360000 4
-0.280000 0
0.245042 4
-0.223464 4
0.272269 4
-0.301118 0
0.302521 4
-0.283200 4
0.400000 9
-0.200000 7
0.220538 4
-0.301118 0
0.245042 4
-0.193600 4
0.272269 4
-0.160000 4
0.302521 4
0.120000 4
0.302521 4
-0.283200 5
0.400000 9
-0.317440 5
0.400000 9
-0.200000 5
0.324000 4
-0.258720 5
0.272269 4
-0.336160 5
0.302521 4
-0.283200 5
0.400000 9
-0.348739 8
0.360000 4
-0.200000 4
0.245042 4
-0.283200 5
0.272269 4
-0.354880 0
0.302521 4
-0.283200 5
0.400000 9
-0.348739 8
0.220538 4
-0.336160 5
0.245042 4
-0.283200 5
0.272269 4
-0.354880 0
0.302521 4
-0.200000 5
0.302521 4
-0.143200 5
0.400000 9
-0.000000 9
0.400000 9
-0.000000 9
0.324000 4
-0.104000 5
0.272269 4
-0.104000 5
0.302521 4
-0.146800 0
0.400000 9
-0.000000 9
0.360000 4
-0.146800 0
0.245042 4
-0.193600 0
0.272269 4
-0.104000 5
0.302521 4
-0.146800 0
0.400000 9
-0.104000 5
0.220538 4
-0.104000 5
0.245042 4
-0.146800 0
0.272269 4
-0.000000 9
0.302521 4
-0.146800 0
0.302521 4
0.120000 7
0.400000 9
0.134000 0
0.400000 9
0.400000 9
0.324000 4
0.008000 0
0.272269 4
0.008000 0
0.302521 4
0.120000 7
0.400000 9
0.008000 0
0.360000 4
0.120000 7
0.245042 4
-0.092800 0
0.272269 4
0.008000 0
0.302521 4
0.120000 7
0.400000 9
0.007999 0
0.220538 4
0.008000 0
0.245042 4
0.120000 6
0.272269 4
0.050000 9
0.302521 4
0.120000 7
0.302521 4
-0.193600 4
0.400000 9
-0.104000 4
0.400000 9
-0.193600 0
0.324000 4
0.008000 4
0.272269 4
-0.274240 0
0.302521 4
-0.193600 4
0.400000 9
-0.104000 4
0.360000 4
-0.193600 0
0.245042 4
-0.193600 4
0.272269 4
-0.189120 4
0.302521 4
-0.200000 4
0.400000 9
-0.104000 4
0.220538 4
-0.189120 4
0.245042 4
-0.193600 4
0.272269 4
-0.104000 4
0.302521 4
-0.193600 0
0.302521 4
-0.363866 8
0.400000 9
-0.200000 5
0.400000 9
-0.200000 5
0.324000 4
-0.104000 5
0.272269 4
-0.354880 4
0.302521 4
-0.351296 4
0.400000 9
-0.200000 5
0.360000 4
-0.276000 5
0.245042 4
-0.388000 5
0.272269 4
-0.354880 4
0.302521 4
-0.317248 4
0.400000 9
-0.200000 4
0.220538 4
-0.354880 4
0.245042 4
-0.419389 0
0.272269 4
-0.354880 4
0.302521 4
-0.283200 4
0.302521 4
-0.000000 9
0.400000 9
-0.000000 9
0.400000 9
0.120000 5
0.324000 4
0.008000 0
0.272269 4
-0.206941 0
0.302521 4
-0.000000 9
0.400000 9
-0.000000 9
0.360000 4
0.120000 5
0.245042 4
-0.236639 8
0.272269 4
-0.190000 0
0.302521 4
-0.000000 9
0.400000 9
-0.190000 0
0.220538 4
-0.280000 0
0.245042 4
-0.200000 6
0.272269 4
-0.219999 0
0.302521 4
-0.200000 6
0.302521 4
0.058824 0
0.400000 9
0.400000 9
0.400000 9
0.400000 9
0.324000 4
0.134000 0
0.272269 4
-0.047059 0
0.302521 4
0.058824 0
0.400000 9
0.400000 9
0.360000 4
0.260000 0
0.245042 4
-0.142353 0
0.272269 4
-0.047059 0
0.302521 4
0.058824 0
0.400000 9
0.400000 9
0.220538 4
-0.104000 6
0.245042 4
-0.142353 0
0.272269 4
-0.047059 0
0.302521 4
0.058824 0
0.000000 0
